Model Name,File Name,Question,Choices,Model Response,Correct Answer,Predicted Answer
claude-3-opus-20240229,./data/data_BDA.json,다음 중 선형회귀와 로지스틱 회귀에 대한 설명으로 가장 알맞지 않은 것은 무엇인가?,"선택지:
1번 - 선형회귀에서 잔차는 정규분포를 따른다.
2번 - 선형회귀는 독립변수를 사용해 종속변수의 움직임을 예측한다.
3번 - 로지스틱 회귀는 종속변수가 이진이며 분류에 사용한다.
4번 - 선형회귀에서 로짓 변환을 사용한다.","답: 선형회귀에서 로짓 변환을 사용한다.

설명: 선형회귀에서는 로짓 변환을 사용하지 않습니다. 로짓 변환은 로지스틱 회귀에서 사용되는 기법으로, 선형 방정식의 출력값을 0과 1 사이의 확률로 변환하는 데 사용됩니다. 선형회귀는 연속형 종속변수를 예측하는 데 사용되며, 잔차가 정규분포를 따른다고 가정합니다. 반면에 로지스틱 회귀는 이진 종속변수를 예측하는 데 사용되며, 분류 문제에 적합합니다.",4,4
claude-3-opus-20240229,./data/data_BDA.json,종속변수가 범주형이고 독립변수가 수치형 변수 여러 개로 이루어진 변수 간의 관계를 분석하기 위해 적용할 수 있는 알고리즘으로 올바른 것은?,"선택지:
1번 - 로지스틱 회귀 분석
2번 - k-평균 군집
3번 - 주성분 분석
4번 - DBSCAN","답: 로지스틱 회귀 분석

설명: 로지스틱 회귀 분석은 종속변수가 범주형이고 독립변수가 수치형일 때 사용하는 알고리즘입니다. 이 알고리즘은 독립변수의 값을 기반으로 종속변수의 범주를 예측하는 데 사용됩니다.

k-평균 군집과 DBSCAN은 비지도 학습 알고리즘으로, 데이터를 유사한 그룹으로 군집화하는 데 사용되며 종속변수가 없는 경우에 적용됩니다. 

주성분 분석은 차원 축소 기법으로, 데이터의 차원을 줄이는 데 사용되며 변수 간의 관계 분석에는 직접적으로 사용되지 않습니다.",1,1
claude-3-opus-20240229,./data/data_BDA.json,다음 중 로지스틱 회귀분석에 대한 설명으로 가장 알맞지 않은 것은 무엇인가?,"선택지:
1번 - 독립변수가 범주형이다.
2번 - 종속변수는 0과 1이다.
3번 - 로짓 변환을 사용한다.
4번 - 시그모이드 함수를 사용한다.","답: 독립변수가 범주형이다.

설명: 로지스틱 회귀분석에서 독립변수는 연속형 변수나 범주형 변수 모두 사용 가능합니다. 하지만 종속변수는 이진 분류 문제로 0 또는 1의 값만 가질 수 있습니다. 로지스틱 회귀는 선형 회귀의 일반화 버전으로, 로짓 변환과 시그모이드 함수를 사용하여 종속변수의 확률을 모델링합니다. 따라서 독립변수가 범주형이라는 설명은 로지스틱 회귀분석의 특징과 맞지 않습니다.",1,1
claude-3-opus-20240229,./data/data_BDA.json,서포트 벡터 머신에 대한 설명으로 옳지 않은 것은?,"선택지:
1번 - 데이터 세트의 크기가 클 경우 최적화를 위한 평가 과정이 줄어들어 속도가 빠르다.
2번 - 다른 모형보다 과대적합에 강하다.
3번 - 비선형으로 분류되는 모형에 사용할 수 있다.
4번 - 서포트 벡터가 여러 개일 수 있다.","답: 데이터 세트의 크기가 클 경우 최적화를 위한 평가 과정이 줄어들어 속도가 빠르다.

설명: 서포트 벡터 머신은 데이터 세트의 크기가 클 경우 최적화를 위한 평가 과정이 많아져 속도가 느려지는 단점이 있습니다. 반면에 다른 모형보다 과대적합에 강하고, 비선형 분류에도 사용할 수 있으며, 서포트 벡터가 여러 개일 수 있다는 설명은 모두 옳은 설명입니다.",1,1
claude-3-opus-20240229,./data/data_BDA.json,다음 중 k-평균 군집 알고리즘을 통해 k 값을 구하는 기법은 무엇인가?,"선택지:
1번 - k-Centroid 기법
2번 - 최장 연결법
3번 - 엘보우 기법
4번 - 역전파 알고리즘","답: 엘보우 기법

설명: 엘보우 기법(Elbow Method)은 k-평균 군집화에서 최적의 클러스터 개수(k)를 찾는 데 사용되는 방법입니다. 이 기법에서는 클러스터 개수를 1부터 점진적으로 증가시키면서 각 k 값에 대한 클러스터 내 제곱합(Within-Cluster Sum of Squares, WCSS)을 계산합니다. WCSS가 급격하게 감소하다가 완만해지는 지점, 즉 그래프에서 팔꿈치 모양이 나타나는 지점의 k 값을 최적 클러스터 개수로 선택합니다. 이 지점 이후로는 클러스터 개수를 늘려도 WCSS 감소 효과가 크지 않기 때문입니다.",3,3
claude-3-opus-20240229,./data/data_BDA.json,다음 중 SVM 가우시안 커널(Gaussian Kernel)에 대한 설명으로 가장 옳지 않은 것은 무엇인가?,"선택지:
1번 - 비선형 데이터가 있는 경우에 일반적으로 활용된다.
2번 - 2차원의 점을 1차원의 점으로 변환한다.
3번 - 가장 많이 사용되는 커널이다.
4번 - 데이터에 대한 사전 지식이 없는 경우 적절하게 분리할 때 활용된다.","답: 2차원의 점을 1차원의 점으로 변환한다.

설명: SVM 가우시안 커널은 저차원 공간의 비선형 데이터를 고차원 공간으로 매핑하여 선형 분리 가능하도록 변환하는 기법입니다. 따라서 2차원의 점을 1차원으로 변환한다는 설명은 옳지 않습니다. 오히려 저차원의 데이터를 고차원 공간으로 변환하는 것이 가우시안 커널의 역할입니다.",2,2
claude-3-opus-20240229,./data/data_BDA.json,소프트맥스 함수에 대한 설명으로 가장 올바르지 않은 것은?,"선택지:
1번 - 출력값은 0에서 1 사이의 실수이다.
2번 - 분산 1이 된다.
3번 - 출력값을 확률로 해석할 수 있다.
4번 - 출력값의 총합이 1이 된다.","소프트맥스 함수에 대해 다음과 같이 설명할 수 있습니다:

1. 출력값은 0에서 1 사이의 실수이다. (맞음)
2. 분산 1이 된다. (틀림 - 소프트맥스 함수의 출력값의 분산이 1이 된다는 보장은 없음) 
3. 출력값을 확률로 해석할 수 있다. (맞음)
4. 출력값의 총합이 1이 된다. (맞음)

따라서 소프트맥스 함수의 특징으로 가장 올바르지 않은 설명은 다음과 같습니다.

답: 분산 1이 된다.

소프트맥스 함수는 입력받은 벡터의 각 원소를 0과 1 사이의 값으로 변환하며, 변환된 값들의 총합은 항상 1이 되어 확률로 해석할 수 있습니다. 하지만 출력값들의 분산이 항상 1이 된다는 보장은 없습니다.",2,2
claude-3-opus-20240229,./data/data_BDA.json,다음 중 활성화 함수에 대한 설명으로 가장 알맞지 않은 것은 무엇인가?,"선택지:
1번 - 하이퍼볼릭 탄젠트는 -1에서 1의 값을 가진다.
2번 - 부호 함수는 임곗값을 기준으로 활성화 또는 비활성화가 된다.
3번 - ReLU 함수는 시그모이드의 기울기 소실 문제를 해결하였다.
4번 - 시그모이드 함수 입력값이 0일 때, 미분 값은 0.25이다.","답: 시그모이드 함수 입력값이 0일 때, 미분 값은 0.25이다.

설명: 시그모이드 함수의 미분 값은 시그모이드 함수 출력값에 (1-출력값)을 곱한 값입니다. 입력값이 0일 때 시그모이드 함수의 출력값은 0.5이므로, 미분 값은 0.5 * (1-0.5) = 0.25가 아니라 0.5 * 0.5 = 0.25입니다. 따라서 주어진 설명은 잘못되었습니다.",2,4
claude-3-opus-20240229,./data/data_BDA.json,범주형 데이터를 분류할 수 없는 것은?,"선택지:
1번 - 인공신경망
2번 - 의사결정나무
3번 - 선형 회귀 분석
4번 - SVM","답: 선형 회귀 분석

선형 회귀 분석은 연속형 변수 사이의 선형 관계를 모델링하는 데 사용되는 알고리즘입니다. 따라서 범주형 데이터를 직접 분류하는 데에는 적합하지 않습니다. 

반면에 인공신경망, 의사결정나무, SVM(Support Vector Machine)은 모두 범주형 데이터 분류에 사용될 수 있는 알고리즘들입니다. 이들은 패턴을 학습하고 새로운 데이터를 해당 범주로 분류할 수 있습니다.",3,3
claude-3-opus-20240229,./data/data_BDA.json,의사결정나무의 분석 과정으로 가장 알맞지 않은 것은?,"선택지:
1번 - 데이터의 분류 및 예측에 활용한다.
2번 - 부적절한 나뭇가지는 가지치기로 제거한다.
3번 - 분석의 목적과 자료 구조에 따라서 적절한 분리 기준으로 마지막 끝 마디까지 생성한다.
4번 - 이익, 위험, 비용 등을 고려하여 모형을 평가한다.","답: 이익, 위험, 비용 등을 고려하여 모형을 평가한다.

설명: 의사결정나무 분석에서는 일반적으로 모형의 정확도, 오분류율, 복잡도 등을 고려하여 모형을 평가합니다. 이익, 위험, 비용 등은 의사결정나무 분석의 직접적인 평가 기준으로 사용되지 않습니다. 의사결정나무는 주어진 데이터를 분류 및 예측하는데 초점을 맞추며, 나무 생성 후에는 가지치기를 통해 모형을 단순화하고 과적합을 방지합니다.",3,4
claude-3-opus-20240229,./data/data_BDA.json,인공신경망에 대한 설명으로 가장 알맞지 않은 것은?,"선택지:
1번 - 인공신경망에서 역전파는 입력층(Input Layer)에서 출력층(Output Layer)까지 정보가 전달되는 과정이다.
2번 - 인공신경망은 입력값을 받아서 출력값을 만들기 위해 촬성화 함수를 사용한다.
3번 - 인공신경망은 사람 두뇌의 신경세포인 뉴런이 전기신호를 전달하는 모습을 모방한 기계학습 모델이다.
4번 - 활성화 함수는 순 입력함수로부터 전달받은 값을 출력값으로 변환해 주는 함수이다.","인공신경망에 대한 설명 중 가장 알맞지 않은 것은 역전파에 대한 설명입니다. 

답: 인공신경망에서 역전파는 입력층(Input Layer)에서 출력층(Output Layer)까지 정보가 전달되는 과정이다.

설명: 역전파(Backpropagation)는 출력층에서 발생한 오차를 입력층 방향으로 전파하면서 각 층의 가중치를 업데이트하는 과정입니다. 즉, 역전파는 출력층에서 입력층으로 오차를 전달하는 것이지, 입력층에서 출력층으로 정보를 전달하는 과정이 아닙니다. 나머지 선택지들은 인공신경망의 구성요소와 동작 방식에 대해 올바르게 설명하고 있습니다.",1,1
claude-3-opus-20240229,./data/data_BDA.json,활성화 함수 중 단층 신경망에서 해결할 수 없는 것은?,"선택지:
1번 - AND
2번 - OR
3번 - NOR
4번 - XOR","답: XOR

설명: 단층 신경망(Single Layer Perceptron)은 선형 분리 가능한 문제만 해결할 수 있습니다. AND, OR, NOR 함수는 선형적으로 분리 가능하지만, XOR 함수는 선형적으로 분리할 수 없는 비선형 문제입니다. XOR 문제를 해결하기 위해서는 다층 신경망(Multi Layer Perceptron)이 필요합니다.",4,4
claude-3-opus-20240229,./data/data_BDA.json,로지스틱 회귀 모형에 대한 설명으로 옳은 것은?,"선택지:
1번 - 설명변수가 한 개인 경우 종형 그래프를 가진다.
2번 - 설명변수는 모두 연속형이어야 한다.
3번 - 연속형 반응변수에 대해서도 적용할 수 있다.
4번 - 분류의 목적으로 사용될 수 있다.","답: 분류의 목적으로 사용될 수 있다.

설명: 로지스틱 회귀는 이진 분류 문제를 해결하기 위해 주로 사용되는 모델입니다. 설명변수의 선형 결합을 이용하여 로짓 함수를 통해 0과 1 사이의 확률값을 계산하고, 이를 기반으로 분류를 수행합니다. 따라서 로지스틱 회귀는 분류 목적에 적합한 알고리즘이라고 할 수 있습니다.",4,4
claude-3-opus-20240229,./data/data_BDA.json,딥러닝에 대한 설명으로 옳은 것은?,"선택지:
1번 - 오차역전파를 사용한다.
2번 - ReLU보다 Sigmoid를 사용한다.
3번 - 딥러닝은 각 은닉층의 가중치를 통해 모형의 결과를 해석하기 용이하다.
4번 - Dropout은 무작위 비율로 신경망을 제거한다.","답: 오차역전파를 사용한다.

설명: 딥러닝은 여러 개의 은닉층을 가진 인공신경망을 사용하며, 오차역전파(Backpropagation) 알고리즘을 통해 각 층의 가중치를 학습합니다. ReLU 활성화 함수가 Sigmoid보다 더 널리 사용되고, 딥러닝 모형은 해석하기 어려운 블랙박스 모델로 여겨집니다. Dropout은 과적합을 방지하기 위해 학습 과정에서 무작위로 일부 뉴런을 제거하는 기법입니다.",1,1
claude-3-opus-20240229,./data/data_BDA.json,PCA에 대한 설명으로 옳지 않은 것은?,"선택지:
1번 - 차원 축소는 고윳값이 낮은 순으로 정렬해서, 높은 고윳값을 가진 고유벡터만으로 데이터를 복원한다.
2번 - 변동 폭이 작은 축을 선택한다.
3번 - 축들은 서로 직교되어 있다.
4번 - 주성분은 상관성이 높은 변수들을 요약, 축소하는 기법이다.","답: 변동 폭이 작은 축을 선택한다.

설명: PCA(Principal Component Analysis)는 데이터의 분산을 최대한 보존하면서 차원을 축소하는 기법입니다. 이를 위해 PCA는 데이터의 분산이 가장 큰 방향(변동 폭이 큰 축)을 찾아 주성분(Principal Component)으로 선택합니다. 따라서 ""변동 폭이 작은 축을 선택한다""는 PCA의 원리에 맞지 않는 설명입니다.",2,2
claude-3-opus-20240229,./data/data_BDA.json,"CNN에서 원본 이미지가 5X5에서 Stride가 1이고, 필터가 3X3일 때 Feature Map은 무엇인가?","선택지:
1번 - (1,1)
2번 - (2,2)
3번 - (3,3)
4번 - (4,4)","답: (3,3)

설명: CNN에서 Feature Map의 크기는 다음과 같은 공식으로 계산할 수 있습니다.

출력 크기 = (입력 크기 - 필터 크기 + 2 * 패딩) / 스트라이드 + 1

여기서,
입력 크기: 5x5
필터 크기: 3x3 
패딩: 0 (주어지지 않았으므로)
스트라이드: 1

따라서, 
출력 크기 = (5 - 3 + 2 * 0) / 1 + 1
        = 2 / 1 + 1
        = 2 + 1
        = 3

그러므로 Feature Map의 크기는 (3,3)이 됩니다.",3,3
claude-3-opus-20240229,./data/data_BDA.json,랜덤 포레스트에 대한 설명으로 적절하지 않은 것은?,"선택지:
1번 - 훈련을 통해 구성해놓은 다수의 나무들로부터 투표를 통해 분류 결과를 도출한다.
2번 - 분류기를 여러 개 쓸수록 성능이 좋아진다.
3번 - 트리의 수가 많아지면 Overfit 된다.
4번 - 여러 개의 의사결정 트리가 모여서 랜덤 포레스트 구조가 된다.","답: 트리의 수가 많아지면 Overfit 된다.

설명: 랜덤 포레스트는 여러 개의 의사결정 트리를 앙상블하여 과적합(Overfitting)을 방지하고 일반화 성능을 높이는 알고리즘입니다. 트리의 수가 많아질수록 개별 트리의 분산이 감소하고 전체 모델의 편향이 줄어들어 오히려 과적합을 방지하는 효과가 있습니다. 따라서 ""트리의 수가 많아지면 Overfit 된다""는 랜덤 포레스트의 특성과 맞지 않는 설명입니다.",3,3
claude-3-opus-20240229,./data/data_BDA.json,"다음 중 훈련 데이터에서 다수의 부트스트랩(Bootstrap)자료를 생성하고, 각 자료를 모델링한 후 결합하여 최종 예측 모형을 만드는 앙상블 기법으로 가장 알맞은 것은?","선택지:
1번 - 배깅
2번 - 부스팅
3번 - 보팅
4번 - 의사결정나무","답: 배깅

설명: 배깅(Bagging)은 Bootstrap Aggregating의 줄임말로, 훈련 데이터에서 다수의 부트스트랩 자료를 생성하고 각 자료를 독립적으로 모델링한 후, 결과를 결합하여 최종 예측 모형을 만드는 앙상블 기법입니다. 이를 통해 모델의 분산을 줄이고 일반화 성능을 향상시킬 수 있습니다.

부스팅과 보팅은 배깅과는 다른 앙상블 기법이며, 의사결정나무는 개별 모델로 사용되는 알고리즘 중 하나입니다.",1,1
claude-3-opus-20240229,./data/data_BDA.json,다음 중 은닉층이 순환적으로 연결된 것은 무엇인가?,"선택지:
1번 - CNN
2번 - ANN
3번 - RNN
4번 - DNN","답: RNN

설명: RNN(Recurrent Neural Network)은 은닉층의 노드들이 자기 자신으로 돌아오는 순환 연결을 가지고 있는 신경망입니다. 이러한 순환 연결 구조 덕분에 RNN은 시계열 데이터나 순서가 있는 데이터를 처리하는데 적합합니다. 반면, CNN, ANN, DNN 등은 순환 연결 구조를 가지고 있지 않습니다.",3,3
claude-3-opus-20240229,./data/data_BDA.json,다음 중 심층신경망에 대한 설명으로 가장 알맞지 않은 것은 무엇인가?,"선택지:
1번 - 은닉층이 1개 존재한다.
2번 - 오차 역전파를 사용한다.
3번 - 시그모이드는 오차 역전파로 결과 해석이 어렵다.
4번 - 은닉층(Hidden Layer)를 심층(Deep)으로 구성한다.","답: 은닉층이 1개 존재한다.

설명: 심층신경망(Deep Neural Network)은 은닉층을 2개 이상 심층적으로 쌓아 구성한 신경망을 의미합니다. 따라서 은닉층이 1개만 존재한다는 설명은 심층신경망의 정의에 맞지 않습니다. 나머지 선택지들은 심층신경망의 특징을 잘 설명하고 있습니다.",1,1
claude-3-opus-20240229,./data/data_BDA.json,배깅에 대한 설명으로 알맞지 않은 것은?,"선택지:
1번 - 편향이 낮은 과소적합 모델에 효과적이다.
2번 - 편향이 높은 과대적합 모델에 효과적이다.
3번 - 훈련 데이터에서 다수의 부트스트랩 자료를 생성하고 각 부트스트랩 자료를 결합하여 최종 예측 모형을 만드는 알고리즘이다.
4번 - 가중치를 활용하여 약 분류기를 강 분류기로 만드는 방법이다.","배깅에 대해 잘못된 설명을 고르면 다음과 같습니다.

답: 가중치를 활용하여 약 분류기를 강 분류기로 만드는 방법이다.

설명: 배깅(Bagging)은 Bootstrap Aggregating의 줄임말로, 훈련 데이터에서 여러 개의 부트스트랩 샘플을 생성하고 각 샘플에 대해 모델을 학습시킨 후, 이를 결합하여 최종 예측 모델을 만드는 앙상블 기법입니다. 배깅은 높은 분산(variance)을 가진 과대적합 모델에 효과적이며, 이를 통해 모델의 일반화 성능을 높일 수 있습니다. 하지만 가중치를 활용하여 약 분류기를 강 분류기로 만드는 것은 부스팅(Boosting) 기법에 해당하는 설명으로, 배깅과는 다른 개념입니다.",4,4
claude-3-opus-20240229,./data/data_BDA.json,차원 축소 기법인 PCA(Principal Component Analysis)에 대한 설명으로 가장 올바르지 않은 것은?,"선택지:
1번 - 선형 결합한다.
2번 - 변동이 큰 축을 기준으로 한 차원씩 선택한다.
3번 - 이산형 변수에 사용할 수 있다.
4번 - 차원 축소를 통해 원본 데이터를 직관적으로 파악할 수 있다.","답: 이산형 변수에 사용할 수 있다.

설명: PCA는 연속형 변수에 적용되는 차원 축소 기법입니다. 이산형 변수에는 적용할 수 없습니다. PCA는 데이터의 분산을 최대한 보존하면서 변수들의 선형 결합을 통해 새로운 축을 생성하고, 그 중 변동이 큰 축을 선택하여 차원을 축소합니다. 이를 통해 고차원 데이터를 저차원으로 압축하여 시각화하고 직관적으로 파악할 수 있게 해줍니다.",4,3
claude-3-opus-20240229,./data/data_BDA.json,주성분 분석에 대한 설명으로 옳지 않은 것은?,"선택지:
1번 - 주성분 분석은 서로 상관성이 높은 변수들의 선형 결합으로 만들어 기존의 상관성이 높은 변수들을 요약, 축소하는 기법이다.
2번 - 분산이 가장 작은 것을 제1 주성분으로 한다.
3번 - 주성분 분석은 고윳값, 고유벡터를 통해 분석한다.
4번 - 주성분 분석의 목적 중 하나는 데이터를 이해하기 위한 차원 축소이다.","답: 분산이 가장 작은 것을 제1 주성분으로 한다.

설명: 주성분 분석에서는 데이터의 분산을 최대한 설명할 수 있는 방향을 찾는 것이 목적이므로, 분산이 가장 큰 방향을 제1 주성분으로 선택합니다. 따라서 분산이 가장 작은 것을 제1 주성분으로 한다는 설명은 옳지 않습니다.",2,2
claude-3-opus-20240229,./data/data_BDA.json,다음 중 앙상블에서 베이스 모형의 독립성을 최적화하기 위한 방법으로 가장 알맞지 않은 것은?,"선택지:
1번 - 입력변수를 다양하게 한다.
2번 - 테스트 데이터를 다르게 한다.
3번 - 서로 다른 알고리즘을 사용한다.
4번 - 초매개변수를 다양하게 한다.","앙상블에서 베이스 모형의 독립성을 최적화하기 위해서는 다양한 방법을 사용할 수 있습니다. 주어진 선택지 중에서 가장 알맞지 않은 것을 고르면 다음과 같습니다.

답: 테스트 데이터를 다르게 한다.

설명: 앙상블 모형을 만들 때는 훈련 데이터를 다양하게 하는 것이 중요합니다. 예를 들어 배깅(Bagging)에서는 부트스트래핑(Bootstrapping)을 통해 훈련 데이터를 샘플링하여 사용합니다. 그러나 테스트 데이터는 모형의 일반화 성능을 평가하기 위해 사용되므로, 모든 베이스 모형이 동일한 테스트 데이터로 평가되어야 합니다. 따라서 테스트 데이터를 다르게 하는 것은 앙상블 모형의 독립성을 높이는 적절한 방법이 아닙니다.",2,2
claude-3-opus-20240229,./data/data_BDA.json,다음 중 순환 신경망(RNN)에서 발생하는 GV(기울기 소실) GE(기울기 폭발)에 대한 설명으로 가장 알맞은 것은?,"선택지:
1번 - 기울기 클리핑(Gradient Clipping)은 기울기 소실을 막기 위해 기울기 값을 자르는 방법이다.
2번 - 기울기 소실이란 오차역전파 과정에서 입력층으로 갈수록 가중치에 따른 결괏값의 기울기가 작아져 0에 수렴하는 문제이다.
3번 - RNN은 LSTM(Long Short Term Memory)의 장기의존성 문제를 보완하기 위한 알고리즘이다.
4번 - 순환 신경망은 입력 게이트, 망각 게이트, 출력 게이트로 구성된다.","답: 기울기 소실이란 오차역전파 과정에서 입력층으로 갈수록 가중치에 따른 결괏값의 기울기가 작아져 0에 수렴하는 문제이다.

설명: 순환 신경망(RNN)에서는 시퀀스 데이터를 처리할 때 오차역전파 과정에서 기울기가 계속 곱해지면서 기울기 값이 지나치게 작아지거나 커지는 문제가 발생할 수 있습니다. 기울기 소실(Vanishing Gradient)은 역전파 과정에서 입력층으로 갈수록 기울기가 작아져 0에 가까워지는 현상을 말하며, 이로 인해 먼 과거의 정보가 현재 시점의 출력에 영향을 주기 어려워집니다. 반면 기울기 폭발(Exploding Gradient)은 기울기가 지나치게 커지는 문제입니다. 이러한 기울기 소실과 폭발 문제를 완화하기 위해 LSTM이나 GRU 등의 개선된 RNN 구조가 제안되었습니다.",2,2
claude-3-opus-20240229,./data/data_BDA.json,오토인코더에 대한 설명으로 가장 알맞지 않은 것은?,"선택지:
1번 - 비지도학습 신경망이다.
2번 - 인코더는 차원 축소의 역할을 한다.
3번 - 입력층 노드 개수는 출력층 노드 개수보다 커야한다.
4번 - 인코드 입력 노드 개수는 디코드 출력 노드 개수와 동일하다.","오토인코더에 대해 잘못된 설명은 다음과 같습니다.

답: 입력층 노드 개수는 출력층 노드 개수보다 커야한다.

설명: 오토인코더는 입력 데이터를 저차원으로 압축했다가 다시 원래 차원으로 복원하는 구조입니다. 따라서 입력층과 출력층의 노드 개수는 동일해야 합니다. 중간에 있는 은닉층(인코딩)의 노드 개수는 입력층보다 작아 차원 축소 효과를 얻습니다. 그러므로 입력층 노드 개수가 출력층보다 크다는 설명은 오토인코더의 구조상 맞지 않습니다.",3,3
claude-3-opus-20240229,./data/data_BDA.json,주성분 분석(PCA)에 대한 설명으로 옳지 않은 것은?,"선택지:
1번 - 대표적인 차원 축소 방법이다.
2번 - 고윳값 분해와 특이값 분해 등의 수학적 행렬 분해를 이용한다.
3번 - 고차원 데이터를 저차원 데이터로 직교 변환한다.
4번 - 원본 비음수 행렬은 비음수 행렬의 곱으로 표현한다.","주성분 분석(PCA)에 대해 설명한 선택지 중 옳지 않은 것은 다음과 같습니다.

답: 원본 비음수 행렬은 비음수 행렬의 곱으로 표현한다.

설명: PCA는 고차원 데이터를 저차원 데이터로 직교 변환하는 대표적인 차원 축소 방법이며, 고윳값 분해와 특이값 분해 등의 수학적 행렬 분해를 이용합니다. 하지만 PCA는 원본 행렬을 비음수 행렬의 곱으로 표현하는 것이 아닙니다. 비음수 행렬 분해(Non-negative Matrix Factorization, NMF)는 PCA와는 다른 차원 축소 기법으로, 원본 비음수 행렬을 비음수 행렬의 곱으로 표현합니다.",4,4
claude-3-opus-20240229,./data/data_BDA.json,다음 중 RNN의 장기 의존성 문제를 해결하였으며 리셋 게이트와 업데이트 게이트로 구성된 모형은 무엇인가?,"선택지:
1번 - 단방향 RNN
2번 - 양방향 RNN
3번 - LSTM
4번 - GRU","답: GRU

설명: GRU(Gated Recurrent Unit)는 RNN의 장기 의존성 문제를 해결하기 위해 제안된 모형입니다. GRU는 리셋 게이트(reset gate)와 업데이트 게이트(update gate)로 구성되어 있으며, 이 게이트들을 통해 장기 의존성 문제를 완화합니다. GRU는 LSTM과 유사하지만, LSTM보다 간단한 구조를 가지고 있어 계산 효율성이 높습니다. 단방향 RNN과 양방향 RNN은 장기 의존성 문제를 해결하지 못하며, LSTM은 GRU와 유사하지만 망각 게이트(forget gate)가 추가로 포함되어 있습니다.",4,4
claude-3-opus-20240229,./data/data_BDA.json,다음 중 자연어 처리(NLP) 기법으로 가장 적합하지 않은 것은?,"선택지:
1번 - ELMo
2번 - GPT
3번 - BERT
4번 - YOLO","답: YOLO

설명: YOLO(You Only Look Once)는 객체 탐지(Object Detection) 분야에서 사용되는 실시간 객체 탐지 알고리즘입니다. YOLO는 이미지 내의 객체를 탐지하고 분류하는 데 사용되며, 자연어 처리(NLP)와는 직접적인 관련이 없습니다.

반면에 ELMo, GPT, BERT는 모두 자연어 처리에 사용되는 기법들입니다.
- ELMo(Embeddings from Language Models)는 문맥을 고려한 단어 임베딩을 생성하는 기법입니다.
- GPT(Generative Pre-trained Transformer)는 대규모 언어 모델로, 텍스트 생성과 이해에 사용됩니다.
- BERT(Bidirectional Encoder Representations from Transformers)는 양방향 문맥을 고려하여 텍스트 표현을 학습하는 기법입니다.

따라서 주어진 선택지 중에서 자연어 처리(NLP) 기법으로 가장 적합하지 않은 것은 YOLO입니다.",4,4
claude-3-opus-20240229,./data/data_BDA.json,딥러닝의 트랜스포머(Transformer)의 구성요소로 가장 알맞지 않은 것은?,"선택지:
1번 - 망각 게이트
2번 - 셀프 어텐션
3번 - 멀티헤드 셀프 어텐션
4번 - 포지셔널 인코딩","답: 망각 게이트

설명: 망각 게이트(Forget Gate)는 RNN(Recurrent Neural Network)의 일종인 LSTM(Long Short-Term Memory)에서 사용되는 구성요소입니다. 트랜스포머(Transformer)는 RNN과 달리 셀프 어텐션(Self-Attention) 메커니즘을 사용하여 시퀀스 데이터를 처리하며, 셀프 어텐션, 멀티헤드 셀프 어텐션(Multi-head Self-Attention), 포지셔널 인코딩(Positional Encoding) 등의 구성요소를 가지고 있습니다. 따라서 주어진 선택지 중에서 트랜스포머의 구성요소로 가장 알맞지 않은 것은 망각 게이트입니다.",1,1
claude-3-opus-20240229,./data/data_BDA.json,다음 중 부스팅에 대한 설명으로 가장 옳지 않은 것은?,"선택지:
1번 - 예측력이 약한 모형들을 결합하여 강한 예측 모형을 만드는 방법이다.
2번 - 잘못 분류된 개체들에 가중치를 적용, 새로운 분류 규칙을 만들고, 이 과정을 반복해 최종 모형을 만드는 알고리즘이다.
3번 - 학습 데이터를 병렬적으로 학습하며 잘못 분류된 데이터에 가중치를 부여한다.
4번 - 일반적으로 보팅(Voting)을 통하여 결과를 예측한다.","답: 학습 데이터를 병렬적으로 학습하며 잘못 분류된 데이터에 가중치를 부여한다.

부스팅은 약한 학습기(weak learner)를 순차적으로 학습시키면서 이전 모델이 잘못 예측한 데이터에 가중치를 부여하는 방식으로 진행됩니다. 병렬적으로 학습하는 것은 배깅(Bagging)의 특징입니다. 따라서 주어진 선택지 중에서 부스팅의 특성을 가장 잘못 설명한 것은 ""학습 데이터를 병렬적으로 학습하며 잘못 분류된 데이터에 가중치를 부여한다.""입니다.",3,3
claude-3-opus-20240229,./data/data_BDA.json,다음 중 랜덤 포레스트에 대한 설명으로 가장 옳지 않은 것은?,"선택지:
1번 - 배깅을 이용한 알고리즘의 하나이다.
2번 - 무작위성을 주어 약한 학습기들을 생성한 후 이를 선형 결합하여 최종 학습기를 만드는 방법이다.
3번 - 부트스트랩을 통해 조금씩 다른 훈련 데이터에 대해 훈련된 기초 분류기들을 결합시키는 방법을 사용한다.
4번 - 기본적으로 모든 데이터를 이용하여 학습한다.","답: 기본적으로 모든 데이터를 이용하여 학습한다.

랜덤 포레스트는 배깅(Bagging)을 이용한 앙상블 기법 중 하나로, 부트스트랩(Bootstrap)을 통해 원본 데이터에서 중복을 허용하여 샘플링한 여러 개의 데이터 세트를 생성하고, 각 데이터 세트마다 결정 트리를 학습시킵니다. 이렇게 학습된 다수의 트리의 예측을 결합하여 최종 예측을 수행합니다. 따라서 기본적으로 모든 데이터를 이용하여 학습하는 것이 아니라, 부트스트랩을 통해 샘플링된 데이터 세트를 이용하여 학습하는 것이 랜덤 포레스트의 특징입니다.",4,0
claude-3-opus-20240229,./data/data_BDA.json,다음 중 가중치를 부여하는 앙상블 기법으로 가장 적합한 것은?,"선택지:
1번 - 배깅
2번 - 부스팅
3번 - 보팅
4번 - 가지치기","답: 부스팅

설명: 부스팅(Boosting)은 약한 학습기(weak learner)를 순차적으로 학습시키면서, 이전 학습기에서 잘못 예측한 샘플에 가중치를 부여하여 새로운 학습기가 이를 더 잘 예측하도록 하는 앙상블 기법입니다. 따라서 부스팅은 가중치를 부여하는 대표적인 앙상블 기법이라고 할 수 있습니다.

배깅(Bagging)과 보팅(Voting)은 각 모델에 동일한 가중치를 부여하는 앙상블 기법이며, 가지치기(Pruning)는 의사결정나무(Decision Tree)의 과적합을 방지하기 위해 사용되는 기법으로 앙상블과는 직접적인 관련이 없습니다.",2,2
claude-3-opus-20240229,./data/data_BDA.json,다음 중 경사 하강법과 관련된 알고리즘으로 옳지 않은 것은?,"선택지:
1번 - Adaboost
2번 - RMSProp
3번 - Adagrad
4번 - Nesterov Momentum","답: Adaboost

설명: Adaboost는 경사 하강법과 관련된 알고리즘이 아닙니다. Adaboost는 앙상블 학습 방법 중 하나인 Boosting 알고리즘의 한 종류입니다. 반면에 RMSProp, Adagrad, Nesterov Momentum은 모두 경사 하강법의 변형으로, 최적화 과정에서 학습률을 적응적으로 조절하는 방법들입니다.",1,1
claude-3-opus-20240229,./data/data_BDA.json,다음 중 과대 적합 방지 기법이 아닌 것은?,"선택지:
1번 - 정규화(Regularization)
2번 - Dropout
3번 - 배치 정규화(Batch Normalization)
4번 - Max Pooling","답: Max Pooling

설명: Max Pooling은 과대 적합 방지 기법이 아니라 Convolutional Neural Network(CNN)에서 주로 사용되는 풀링(Pooling) 기법 중 하나입니다. 풀링은 입력 데이터의 크기를 줄이면서 주요 특징을 유지하는 역할을 합니다. 

반면, 정규화(Regularization)와 Dropout은 과대 적합을 방지하기 위해 사용되는 대표적인 기법들입니다. 정규화는 모델의 복잡도를 제어하여 과대 적합을 방지하고, Dropout은 학습 과정에서 무작위로 뉴런을 제거하여 모델이 특정 뉴런에 과도하게 의존하는 것을 방지합니다.

배치 정규화(Batch Normalization)는 과대 적합 방지와 직접적인 관련은 없지만, 학습 과정을 안정화하고 수렴 속도를 높이는 데 도움을 줍니다.",4,0
claude-3-opus-20240229,./data/data_BDA.json,다음 중 인공신경망에서 드롭아웃(Dropout)과 같은 효과를 나타내는 것은 무엇인가?,"선택지:
1번 - 학습률 조정
2번 - 활성화 함수 변경
3번 - 은닉층 수 감소
4번 - 부스팅","답: 은닉층 수 감소

설명: 드롭아웃(Dropout)은 학습 과정에서 일부 뉴런을 임의로 제거하여 과적합을 방지하는 기법입니다. 이는 마치 은닉층의 수를 감소시키는 것과 유사한 효과를 나타냅니다. 따라서 주어진 선택지 중에서는 '은닉층 수 감소'가 드롭아웃과 가장 유사한 효과를 나타낼 것입니다. 

학습률 조정이나 활성화 함수 변경은 학습 속도나 모델의 비선형성에 영향을 주지만, 드롭아웃처럼 과적합을 직접적으로 방지하지는 않습니다. 부스팅은 여러 개의 약한 학습기를 결합하여 강한 학습기를 만드는 앙상블 기법으로, 드롭아웃과는 다른 개념입니다.",3,3
claude-3-opus-20240229,./data/data_BDA.json,다음 중 과대 적합에 대한 설명으로 올바르지 않은 것은?,"선택지:
1번 - 데이터 수를 늘리게 되면 과대 적합 상태가 된다.
2번 - 과대 적합은 학습 데이터와 검증 데이터 간 성능 차이가 크다.
3번 - 과대 적합, 과소 적합 모두 모델과의 일반화 능력을 저하시켜 균형을 찾는 것이 중요하다.
4번 - 학습 데이터에 적합하게 학습되어 학습 데이터에 대한 성능은 우수하지만, 검증 데이터에 대한 성능은 저하되는 현상이다.","답: 데이터 수를 늘리게 되면 과대 적합 상태가 된다.

설명: 데이터의 양을 늘리는 것은 과대 적합을 해결하는 방법 중 하나입니다. 과대 적합은 모델이 학습 데이터에 지나치게 최적화되어 일반화 성능이 떨어지는 현상을 말합니다. 따라서 데이터 수를 늘리면 오히려 과대 적합을 완화시킬 수 있습니다. 다른 선택지들은 모두 과대 적합에 대해 올바르게 설명하고 있습니다.",1,1
claude-3-opus-20240229,./data/data_BDA.json,원-핫 인코딩에 대한 설명으로 옳지 않은 것은?,"선택지:
1번 - 텍스트 단어에 대해서 벡터를 생성할 수 있다.
2번 - 서로 다른 단어에 대한 내적은 0이다.
3번 - 저장 공간이 효율적이다.
4번 - 원-핫 인코딩은 이산형 벡터이다.","답: 저장 공간이 효율적이다.

설명: 원-핫 인코딩은 각 단어를 벡터의 한 차원으로 표현하기 때문에 단어 수가 많아질수록 벡터의 차원이 급격히 증가하여 저장 공간 측면에서 비효율적입니다. 반면, 텍스트 단어를 벡터로 표현할 수 있고, 서로 다른 단어 벡터 간 내적은 0이 되며, 원-핫 인코딩 벡터는 이산형 벡터라는 설명은 모두 옳습니다.",3,3
claude-3-opus-20240229,./data/data_BDA.json,K-Fold에 대한 설명으로 옳지 않은 것은?,"선택지:
1번 - 데이터를 K개로 나눈다.
2번 - 1개는 학습용 데이터, (K-1)개는 검증용 데이터로 사용한다.
3번 - K번 반복 수행한다.
4번 - 결과를 K에 다수결 또는 평균으로 분석한다.","K-Fold에 대한 설명 중 옳지 않은 것은 다음과 같습니다.

답: 1개는 학습용 데이터, (K-1)개는 검증용 데이터로 사용한다.

설명: K-Fold 교차 검증에서는 데이터를 K개의 폴드(fold)로 나누고, 각 반복마다 다른 폴드를 검증용 데이터로 사용하고 나머지 (K-1)개의 폴드를 학습용 데이터로 사용합니다. 따라서 1개는 검증용 데이터, (K-1)개는 학습용 데이터로 사용하는 것이 옳은 설명입니다.",2,2
claude-3-opus-20240229,./data/data_BDA.json,"재현율(Recall)이 60%, 정밀도(Precision)가 40%일 때, F1-Score는 어떻게 되는가?","선택지:
1번 - 40%
2번 - 48%
3번 - 50%
4번 - 60%","F1-Score는 정밀도(Precision)과 재현율(Recall)의 조화평균으로 계산됩니다.

F1 = 2 * (precision * recall) / (precision + recall)

주어진 값을 공식에 대입하면,

F1 = 2 * (0.4 * 0.6) / (0.4 + 0.6) = 0.48

따라서 정밀도가 40%, 재현율이 60%일 때의 F1-Score는 48%입니다.

답: 48%",2,2
claude-3-opus-20240229,./data/data_exq.json,계층적 군집 방법이 아닌 것은?,"선택지:
1번 - 단일 연결법 (Single Linkage)
2번 - 완전 연결법 (Complete Linkage)
3번 - 평균 연결법 (Average Linkage)
4번 - K-평균 군집화 (K-means Clustering)","답: K-평균 군집화 (K-means Clustering)

설명: K-평균 군집화는 비계층적 군집화 방법입니다. 미리 정해진 K개의 군집 중심점을 기준으로 데이터를 할당하고 반복적으로 중심점을 업데이트하는 방식으로 작동합니다. 반면에 단일 연결법, 완전 연결법, 평균 연결법은 모두 계층적 군집화 방법으로, 데이터 간의 거리를 기준으로 단계적으로 군집을 형성해 나가는 방식입니다.",4,4
claude-3-opus-20240229,./data/data_exq.json,K-means 군집분석의 설명에 대해 옳은 것은?,"선택지:
1번 - 초기 중심점 선택에 따라 결과가 달라질 수 있다.
2번 - 이상치에 민감하지 않다.
3번 - 범주형 변수에 대해 직접 적용이 가능하다.
4번 - 군집의 개수 K를 사전에 지정할 필요가 없다.","답: 초기 중심점 선택에 따라 결과가 달라질 수 있다.

설명: K-means 군집분석은 초기 중심점의 선택에 따라 최종 군집 결과가 달라질 수 있습니다. 초기 중심점을 어떻게 선택하느냐에 따라 알고리즘이 수렴하는 지점이 달라지기 때문입니다. 반면에 K-means는 이상치에 민감하고, 연속형 변수에 적합하며, 사전에 군집의 개수 K를 지정해야 합니다.",1,1
claude-3-opus-20240229,./data/data_exq.json,상관계수에 대한 설명으로 틀린 것은?,"선택지:
1번 - 피어슨 상관계수는 -1에서 1 사이의 값을 가진다.
2번 - 상관계수는 인과관계를 나타낸다.
3번 - 스피어만 상관계수는 순위 데이터에 사용된다.
4번 - 상관계수의 절대값이 클수록 강한 선형관계를 나타낸다.","답: 상관계수는 인과관계를 나타낸다.

설명: 상관계수는 두 변수 간의 선형적 관계의 강도를 측정하는 지표이지만, 인과관계를 직접적으로 나타내지는 않습니다. 상관관계가 있다고 해서 반드시 인과관계가 있다고 볼 수는 없습니다. 예를 들어, 아이스크림 판매량과 익사 사고 발생률 간에 양의 상관관계가 있다고 해서, 아이스크림 판매가 익사 사고를 유발한다고 볼 수는 없습니다. 따라서 상관계수가 인과관계를 나타낸다는 설명은 틀린 설명입니다.",2,2
claude-3-opus-20240229,./data/data_exq.json,신경망 노드 중 무작위로 노드를 선정하여 다수의 모형을 구성하고 학습한 뒤 각 모형의 결과를 결합해 분류 및 예측하는 기법을 무엇이라고 하는가?,"선택지:
1번 - Mini-Batch
2번 - Bagging
3번 - Drop-out
4번 - AdaBoost","답: Drop-out

설명: Drop-out은 신경망의 과적합(overfitting)을 방지하기 위해 학습 과정에서 무작위로 일부 노드를 제외시키는 기법입니다. 매 학습 단계마다 무작위로 선택된 노드들이 제외되며, 이를 통해 모델이 특정 노드에 과도하게 의존하는 것을 방지할 수 있습니다. 최종 예측 시에는 모든 노드를 사용하되, 각 노드의 출력에 제외 비율을 곱하여 평균을 내는 앙상블 효과를 얻을 수 있습니다.",4,3
claude-3-opus-20240229,./data/data_exq.json,인공신경망에서 동일 입력층에 대해 원하는 값이 출력되도록 각 계층의 가중치를 조정하는 방법은?,"선택지:
1번 - 역전파 알고리즘
2번 - 균등 분배 알고리즘
3번 - 유전 알고리즘
4번 - 은닉층 무시 알고리즘","답: 역전파 알고리즘

설명: 역전파(Backpropagation) 알고리즘은 인공신경망에서 출력값과 원하는 값의 차이(오차)를 최소화하기 위해 사용되는 대표적인 학습 알고리즘입니다. 이 알고리즘은 출력층에서 발생한 오차를 역으로 전파하여 각 계층의 가중치를 조정합니다. 이를 통해 동일한 입력에 대해 원하는 출력값이 나오도록 신경망을 학습시킵니다. 

다른 선택지들은 인공신경망의 가중치 조정을 위해 일반적으로 사용되는 방법이 아닙니다. 균등 분배 알고리즘이나 은닉층 무시 알고리즘은 존재하지 않는 알고리즘이며, 유전 알고리즘은 최적화 문제를 해결하는 데 사용될 수 있지만 인공신경망의 학습에는 일반적으로 사용되지 않습니다.",1,1
claude-3-opus-20240229,./data/data_exq.json,자연어처리 도구로 옳지 않은 것은?,"선택지:
1번 - BERT
2번 - GPT
3번 - Transformer
4번 - OpenCV","답: OpenCV

설명: OpenCV는 컴퓨터 비전 라이브러리로 주로 이미지 및 동영상 처리에 사용됩니다. BERT, GPT, Transformer는 모두 자연어처리에 사용되는 딥러닝 모델 또는 아키텍처입니다.",4,4
claude-3-opus-20240229,./data/data_exq.json,약한 인공지능(weak AI) 및 강한 인공지능(strong AI)에 대한 설명으로 옳지 않은 것은?,"선택지:
1번 - 약한 인공지능은 특정 문제를 해결할 수 있는 수준의 인공지능을 말한다.
2번 - 강한 인공지능은 인간의 모든 지능적 요소를 가진 인공지능을 말한다.
3번 - 알파고는 강한 인공지능에 속한다.
4번 - 강한 인공지능은 앨런 튜링이 제시한 튜링 테스트를 통과할 수 있다.","답: 알파고는 강한 인공지능에 속한다.

설명: 알파고는 바둑이라는 특정 분야에서 뛰어난 성능을 보이는 약한 인공지능에 속합니다. 강한 인공지능은 아직 개발되지 않았으며, 인간의 모든 지적 능력을 가진 인공지능을 의미합니다. 강한 인공지능이 개발된다면 튜링 테스트를 통과할 수 있을 것으로 예상되지만, 아직 그런 수준에 도달하지는 못했습니다.",3,0
claude-3-opus-20240229,./data/data_exq.json,생성 모델에 대한 설명으로 옳지 않은 것은?,"선택지:
1번 - 생성 모델을 통해 특정 연령, 성별, 안경 유형과 같은 원하는 속성으로 유명인의 얼굴을 바꿀 수 있다.
2번 - 자기 부호화기(auto encoder)로 영상을 생성할 경우, 인코더와 디코더 설계 시 합성곱(convolution)층을 사용할 수 있다.
3번 - 생성적 적대 신경망(또는 적대적 생성 신경망, GAN, Generative Adversarial Networks)이 성공적으로 학습을 완료하면 분별망은 생성망이 만든 영상을 식별할 수 있다.
4번 - 변이형 자기 부호화기(variational auto encoder)는 학습 데이터의 분포를 따르는 새로운 영상을 생성할 수 있다.","답: 생성적 적대 신경망(또는 적대적 생성 신경망, GAN, Generative Adversarial Networks)이 성공적으로 학습을 완료하면 분별망은 생성망이 만든 영상을 식별할 수 있다.

설명: GAN의 목적은 생성망이 실제 이미지와 구분하기 힘든 가짜 이미지를 생성하는 것입니다. 따라서 GAN의 학습이 잘 이루어졌다면, 분별망은 생성망이 만든 가짜 이미지를 실제 이미지로부터 구분하지 못해야 합니다. 즉, 분별망의 정확도가 50%에 가까워져야 GAN의 학습이 잘 된 것으로 볼 수 있습니다.",3,3
claude-3-opus-20240229,./data/data_exq.json,"합성곱 신경망(CNN, Convolutional Neural Network)에 대한 설명으로 옳지 않은 것은?","선택지:
1번 - 이미지 분류 업무에 CNN을 활용할 수 있다.
2번 - CNN 내부에는 여러 개의 합성곱(convolution)층과 풀링(pooling)층을 배치할 수 있다.
3번 - CNN에서는 완전 연결(fully connected)층이 사용되지 않는다.
4번 - CNN에서는 학습 데이터에 과적합(overfitting)되는 문제를 해결하기 위해 드롭아웃(dropout) 기법이 사용될 수 있다.","답: CNN에서는 완전 연결(fully connected)층이 사용되지 않는다.

설명: CNN에서는 일반적으로 합성곱층과 풀링층을 거친 후 마지막에 완전 연결층을 배치하여 최종 출력을 생성합니다. 완전 연결층은 이전 층의 모든 뉴런과 현재 층의 모든 뉴런이 연결되는 구조로, 이를 통해 추출된 특징을 기반으로 분류 등의 작업을 수행할 수 있습니다. 따라서 CNN에서 완전 연결층이 사용되지 않는다는 설명은 옳지 않습니다.",3,3
claude-3-opus-20240229,./data/data_exq.json,생성 모델에 활용되는 자기 부호화기(auto encoder)에 대한 설명으로 옳지 않은 것은?,"선택지:
1번 - 특징 추출에도 활용된다.
2번 - 지도 학습(supervised learning)에 해당한다.
3번 - 인코더는 차원을 점점 줄이나 디코더는 차원을 점점 늘리기 때문에 출력층에서 원래 차원을 회복한다. 
4번 - 변이형 자기 부호화기(variational auto encoder)는 잠재 변수의 발산을 방지하기 위한 규제화항을 오차에 포함하여 학습한다.","답: 지도 학습(supervised learning)에 해당한다.

설명: 자기 부호화기(auto encoder)는 비지도 학습(unsupervised learning)에 해당합니다. 입력 데이터와 동일한 출력을 생성하도록 학습되기 때문에 레이블이 필요하지 않습니다. 나머지 선택지들은 자기 부호화기의 특징을 잘 설명하고 있습니다. 자기 부호화기는 특징 추출에 활용되고, 인코더에서 차원을 줄이고 디코더에서 차원을 늘려 원래 차원을 회복합니다. 또한 변이형 자기 부호화기는 잠재 변수의 발산을 방지하기 위해 규제화항을 사용합니다.",2,2
claude-3-opus-20240229,./data/data_exq.json,기계학습의 성능 향상을 위한 학습 데이터 전처리(preprocessing)기법과 검증 기법에 대한 설명으로 옳지 않은 것은?,"선택지:
1번 - 데이터 전처리의 한 예로 결손값(missing value) 처리가 있다.
2번 - 원－핫 인코딩(one-hot encoding)에서는 해당 속성값의 특징에 의해 고윳값에 해당하는 위치에만 1을 표시하고 나머지는 0으로 표시한다.
3번 - k-폴드 교차검증(k-fold cross validation)은 주어진 데이터를 k개의 데이터 폴드 집합으로 만든 뒤 다양한 폴드 집합 조합에 대해 학습과 검증 과정을 반복적으로 수행하는 기법이다.
4번 - SMOTE(Synthetic Minority Over-sampling Technique)는 특정 부류(class)에 속하는 학습 데이터가 지나치게 많은 경우, 데이터 일부를 추출하여 제거하는데 사용된다.","답: SMOTE(Synthetic Minority Over-sampling Technique)는 특정 부류(class)에 속하는 학습 데이터가 지나치게 많은 경우, 데이터 일부를 추출하여 제거하는데 사용된다.

설명: SMOTE는 오히려 소수 부류(minority class)의 데이터가 부족한 경우, 이를 증폭(over-sampling)하기 위해 사용되는 기법입니다. SMOTE는 소수 부류에 속하는 데이터들 사이에 임의의 새로운 데이터를 합성해서 생성함으로써, 소수 부류 데이터의 개수를 늘리는 방식으로 동작합니다. 즉, 데이터가 지나치게 많은 경우 일부를 제거하는 것이 아니라, 반대로 데이터가 부족한 소수 부류의 데이터를 증폭시키는 기법입니다.",4,0
claude-3-opus-20240229,./data/data_exq.json,"기본 순환 신경망(RNN, Recurrent Neural Network)과 이의 변형 기법에 대한 설명으로 옳지 않은 것은?","선택지:
1번 - RNN은 계층이 깊어질수록 그래디언트 소멸 문제(vanishing gradient problem)가 발생하기 쉽다.
2번 - LSTM(Long Short Term Memory)의 출력은 이전 시점의 입력값과 은닉층의 값뿐만 아니라 이후 시점의 입력값과 은닉층의 값에도 영향을 받는다.
3번 - RNN에서 순환 드롭아웃(recurrent dropout)은 과적합(overfitting)을 방지하기 위해 사용된다.
4번 - GRU(Gated Recurrent Unit)는 LSTM과 유사한 원리로 동작하지만, 게이트 수를 줄여 더 간결한 구조를 갖는다.","답: LSTM(Long Short Term Memory)의 출력은 이전 시점의 입력값과 은닉층의 값뿐만 아니라 이후 시점의 입력값과 은닉층의 값에도 영향을 받는다.

설명: LSTM은 기본 RNN의 그래디언트 소멸 문제를 해결하기 위해 고안된 구조로, 이전 시점의 정보를 기억하고 선택적으로 전달할 수 있다. 하지만 LSTM의 출력은 이전 시점의 입력값과 은닉층의 값에만 영향을 받으며, 이후 시점의 값에는 영향을 받지 않는다. 나머지 선택지들은 모두 RNN과 그 변형 기법에 대한 올바른 설명이다.",2,2
claude-3-opus-20240229,./data/data_exq.json,그래디언트 소멸 문제(vanishing gradient problem)에 대한 설명으로 옳지 않은 것은?,"선택지:
1번 - 특정 활성화 함수를 사용하는 계층이 신경망에 많이 추가되면 학습이 되지 않는 현상을 말한다.
2번 - 0이나 0에 가까운 수가 시그모이드(sigmoid) 함수에 들어오면 그래디언트가 0에 가까워 학습이 되지 않는다.
3번 - 그래디언트의 절댓값이 너무 작아지면 학습이 되지 않아 가중치(weight)와 편향(bias) 값들이 효과적으로 업데이트 되지 못한다.
4번 - 그래디언트 소멸 문제를 해결하기 위해 DNN(Deep Neural Network)에서는 활성화 함수로 ReLU 함수를 사용한다.","답: 그래디언트 소멸 문제를 해결하기 위해 DNN(Deep Neural Network)에서는 활성화 함수로 ReLU 함수를 사용한다.

설명: 그래디언트 소멸 문제를 해결하기 위해 DNN에서는 ReLU 함수를 사용하는 것이 맞습니다. ReLU 함수는 음수 값에 대해서는 0을 출력하고, 양수 값에 대해서는 입력 값 그대로 출력하기 때문에 그래디언트 소멸 문제를 완화시킬 수 있습니다. 따라서 주어진 선택지 중에서 그래디언트 소멸 문제에 대한 설명으로 옳지 않은 것은 ReLU 함수를 사용한다는 내용입니다.",2,4
claude-3-opus-20240229,./data/data_exq.json,"다음 설명에 해당하는 자연어처리 기법은? , 주변에 있는 단어를 이용해 중간에 있는 특정 단어를 추론하는 방법으로, 큰 차원으로 표현된 특정 단어의 원－핫 인코딩(one-hot encoding) 벡터를 작은 차원의 실수 벡터로 바꾸어 줄 수 있다.","선택지:
1번 - CBOW(Continuous Bag of Words)
2번 - n-Gram
3번 - Skip-Gram
4번 - TF-IDF(Term Frequency-Inverse Document Frequency) vector","답: CBOW(Continuous Bag of Words)

설명: CBOW는 주변 단어들을 입력으로 사용하여 중심 단어를 예측하는 방법입니다. 이를 통해 단어의 고차원 원-핫 인코딩 벡터를 저차원의 실수 벡터(단어 임베딩)로 변환할 수 있습니다. CBOW는 문맥을 고려하여 단어의 의미를 잘 표현할 수 있는 단어 임베딩을 학습하는데 효과적인 방법입니다.",1,1
claude-3-opus-20240229,./data/data_exq.json,인공지능 활용 분야 중 사용되는 대표 학습 모델이 다른 것은?,"선택지:
1번 - 유명한 화가가 그린 그림의 화풍을 분석하는 것
2번 - 현금 인출기에서 수표에 쓰인 필기체 숫자를 인식하는 것
3번 - 스마트폰에서 연관성이 있는 사진들을 모아 정리해 주는 것
4번 - 사람이 하는 말을 텍스트로 변환해 주는 서비스를 이용하는 것","답: 유명한 화가가 그린 그림의 화풍을 분석하는 것

설명: 유명한 화가가 그린 그림의 화풍 분석에는 주로 CNN(Convolutional Neural Network)과 같은 이미지 분류 모델이 사용됩니다. 반면, 나머지 선택지들은 다음과 같은 모델이 주로 활용됩니다.

- 현금 인출기에서 수표에 쓰인 필기체 숫자 인식: CNN, RNN(Recurrent Neural Network) 등의 이미지 및 시퀀스 인식 모델
- 스마트폰에서 연관성 있는 사진 정리: CNN, Autoencoder 등의 이미지 분류 및 클러스터링 모델  
- 사람이 하는 말을 텍스트로 변환: RNN, Transformer 등의 시퀀스 변환 모델

따라서 화풍 분석에 사용되는 모델이 다른 선택지들과 가장 차이가 있습니다.",4,1
claude-3-opus-20240229,./data/data_exq.json,생성형 인공지능에 대한 설명으로 옳지 않은 것은?,"선택지:
1번 - 프롬프트(prompt)에 대응하여 텍스트, 이미지 등을 생성한다. 
2번 - 주요 생성형 인공지능 모델로는 ChatGPT, Bard, LLaMa 등이 있다.
3번 - 학습 데이터의 패턴과 구조를 학습하여 유사한 특징이 있는 새로운 데이터를 생성한다.
4번 - 텍스트를 이미지로 변환하는 생성형 모델로는 Stable Diffusion, Neocognitron, DALL-E 등이 대표적이다.","답: 텍스트를 이미지로 변환하는 생성형 모델로는 Stable Diffusion, Neocognitron, DALL-E 등이 대표적이다.

설명: Stable Diffusion과 DALL-E는 텍스트를 이미지로 변환하는 대표적인 생성형 모델이지만, Neocognitron은 이에 해당하지 않습니다. Neocognitron은 1980년대 제안된 심층신경망 구조로, 시각 패턴 인식에 사용되었으며 합성곱 신경망(CNN)의 기원이 된 모델입니다. 하지만 텍스트를 이미지로 변환하는 생성 모델은 아닙니다.",4,4
claude-3-opus-20240229,./data/data_exq.json,인공지능을 구현하기 위해 필요한 요소 기술에 대한 설명으로 옳지 않은 것은?,"선택지:
1번 - 추론은 현재 상태에서 목표 상태에 도달하기 위해 수행해야 할 일련의 행동 순서를 찾는 것을 의미한다.
2번 - 지식표현은 문제를 해결하거나 심층적인 추론을 하는 데 사용할 수 있도록 지식을 효과적으로 표현하는 방법이다.
3번 - 학습은 경험을 통해 나중에 동일한 문제나 유사한 문제를 더 잘 해결할 수 있도록 시스템의 구조나 파라미터를 바꾸는 것을 의미한다.
4번 - 탐색은 문제의 답이 될 수 있는 것들의 집합을 공간으로 간주하고문제에 대한 최적의 해를 찾기 위해 공간을 체계적으로 검색하는것을 의미한다.","답: 추론은 현재 상태에서 목표 상태에 도달하기 위해 수행해야 할 일련의 행동 순서를 찾는 것을 의미한다.

설명: 추론은 주어진 지식이나 사실로부터 새로운 결론을 이끌어내는 과정을 의미합니다. 현재 상태에서 목표 상태에 도달하기 위한 행동 순서를 찾는 것은 탐색에 해당하는 설명입니다. 따라서 제시된 추론에 대한 설명은 옳지 않습니다.",1,4
claude-3-opus-20240229,./data/data_exq.json,다음 중 비지도 학습으로 분류되는 것은?,"선택지:
1번 - 선형 회귀(LR, Linear Regression)
2번 - K-평균 알고리즘(K-means algorithm)
3번 - k-최근접 이웃(kNN, k-Nearest Neighbor)
4번 - 서포트 벡터 머신(SVM, Support Vector Machine)","답: K-평균 알고리즘(K-means algorithm)

K-평균 알고리즘은 비지도 학습(Unsupervised Learning) 알고리즘 중 하나입니다. 비지도 학습은 입력 데이터에 대한 레이블이나 타겟값 없이 데이터의 내재된 구조나 패턴을 찾는 방식입니다. K-평균 알고리즘은 주어진 데이터를 k개의 클러스터로 그룹화하는 클러스터링 기법으로, 유사한 특성을 가진 데이터들을 같은 클러스터로 묶어주는 역할을 합니다.

반면에 선형 회귀, k-최근접 이웃, 서포트 벡터 머신은 모두 지도 학습(Supervised Learning) 알고리즘에 해당합니다. 지도 학습은 레이블이 있는 데이터를 사용하여 모델을 학습시키고, 새로운 데이터에 대한 예측을 수행하는 방식입니다.",2,2
claude-3-opus-20240229,./data/data_exq.json,서포트 벡터 머신에 대한 설명으로 옳지 않은 것은?,"선택지:
1번 - 주어진 데이터를 두 개의 영역으로 분류하는 이진 분류기이다.
2번 - Vapnik 등이 개발한 통계 학습 이론의 결과를 기반으로 하는 기계학습 방법이다.
3번 - 데이터 분류를 위한 경계면은 경계면과 서포트 벡터들 간의 거리가 최대가 되도록 결정한다.
4번 - 경계면 결정 시 일부 데이터가 마진(margin) 내에 들어오도록 허용하는 것을 하드(hard) 마진이라 한다.","답: 경계면 결정 시 일부 데이터가 마진(margin) 내에 들어오도록 허용하는 것을 하드(hard) 마진이라 한다.

설명: 서포트 벡터 머신에서 경계면 결정 시 일부 데이터가 마진 내에 들어오도록 허용하는 것은 소프트(soft) 마진이라 하며, 하드 마진은 그 반대로 어떠한 데이터도 마진 내에 들어오는 것을 허용하지 않는 것을 말합니다. 따라서 주어진 선택지 중 마지막 문장이 옳지 않은 설명입니다.",4,4
claude-3-opus-20240229,./data/data_exq.json,기계학습에서 발생할 수 있는 과적합(overfitting)을 완화하기 위한 방법으로 옳지 않은 것은?,"선택지:
1번 - 드롭아웃(dropout)은 학습 과정에서 노드를 미리 정해진 비율만큼 랜덤으로 비활성화하여 과적합을 완화한다.
2번 - 배치 정규화(batch normalization)는 은닉층의 가중치를 정규화하고 노드값의 표준편차를 증대시켜 과적합을 완화한다.
3번 - 데이터 증강(data augmentation)은 기존 학습 데이터에 약간의 변형을 가한 새로운 학습 데이터를 추가하여 과적합을 완화한다.
4번 - 규제화(regularization)는 오차 함수를 오차 항과 모델 복잡도 항의 합으로 정의하여 가중치의 절댓값을 제한함으로써 과적합을 완화한다.","답: 배치 정규화(batch normalization)는 은닉층의 가중치를 정규화하고 노드값의 표준편차를 증대시켜 과적합을 완화한다.

배치 정규화의 주된 목적은 학습 과정에서 각 층의 입력 데이터 분포를 안정화하는 것이다. 이를 통해 학습 속도를 높이고 초기값에 크게 의존하지 않게 된다. 하지만 배치 정규화가 노드값의 표준편차를 증대시켜 과적합을 완화한다는 설명은 옳지 않다. 오히려 배치 정규화는 노드값의 분포를 평균 0, 표준편차 1로 정규화하여 안정적인 학습을 가능케 한다.",2,2
claude-3-opus-20240229,./data/data_exq.json,"생성적 적대 신경망(GAN, Generative Adversarial Network)에 대한 설명으로 옳지 않은 것은?","선택지:
1번 - 판별자 출력층의 노드는 하나이다.
2번 - 생성자와 판별자의 두 신경망을 사용한다.
3번 - 생성자의 학습 과정에서는 판별자를 사용하지 않는다.
4번 - 생성자의 목적은 판별자를 속일 수 있을 정도로 품질이 높은 위조 데이터를 생성하는 것이다.","답: 생성자의 학습 과정에서는 판별자를 사용하지 않는다.

설명: GAN에서 생성자는 판별자의 피드백을 받아 학습합니다. 생성자가 만들어낸 위조 데이터를 판별자에 입력하여 진짜 데이터와 얼마나 유사한지 판단받습니다. 이 피드백을 통해 생성자는 점점 더 진짜 같은 데이터를 만들어내도록 학습하게 됩니다. 따라서 생성자의 학습 과정에서 판별자를 사용하지 않는다는 설명은 옳지 않습니다.",3,3
claude-3-opus-20240229,./data/data_exq.json,컴퓨터 비전 관련 딥러닝 모델에 대한 설명으로 옳지 않은 것은?,"선택지:
1번 - YOLO는 정확도보다 처리 속도에 강점을 갖는 객체 탐지 및 분류 모델이다
2번 - R-CNN 모델에서는 객체 탐지와 분류를 동시에 수행하므로 효율성이 높다.
3번 - Fast R-CNN 모델에서는 입력 영상에서 객체를 탐지하기 위해 선택적 탐색 알고리즘을 사용한다
4번 - SSD(Single Shot Detector)는 YOLO에 비해 객체 탐지 및 분류의 정확도와 처리 속도가 개선된 모델이다.","답: R-CNN 모델에서는 객체 탐지와 분류를 동시에 수행하므로 효율성이 높다. 

설명: R-CNN은 객체 탐지와 분류를 순차적으로 수행하기 때문에 처리 속도가 느린 단점이 있습니다. 객체 후보 영역을 추출한 후 각 영역을 CNN에 입력하여 특징을 추출하고, 이를 기반으로 SVM 분류기로 객체를 분류하는 방식이므로 효율성이 높다고 보기 어렵습니다. 반면 YOLO, SSD 등의 모델은 객체 탐지와 분류를 동시에 수행하여 처리 속도와 정확도 면에서 개선된 모델입니다.",2,2
claude-3-opus-20240229,./data/data_exq.json,강화 학습(reinforcement learning) 모델과 관련성이 가장 적은 것은?,"선택지:
1번 - Gym
2번 - AlphaGo
3번 - AlphaStar
4번 - Deep Dream","답: Deep Dream

설명: Deep Dream은 강화 학습 모델이 아닌 CNN(Convolutional Neural Network)을 활용한 이미지 처리 기술입니다. 주어진 이미지에 CNN 모델이 학습한 특징들을 증폭시켜 환각적인 이미지를 생성하는 방식으로 동작합니다.

반면, Gym은 강화 학습 알고리즘을 테스트하고 개발하기 위한 툴킷이며, AlphaGo와 AlphaStar는 강화 학습을 활용해 개발된 인공지능 바둑/스타크래프트 플레이어입니다. 따라서 Deep Dream이 강화 학습과 관련성이 가장 적습니다.",4,4
claude-3-opus-20240229,./data/data_exq.json,전이 학습(transfer learning)에 대한 설명으로 옳은 것은?,"선택지:
1번 - 입력 데이터와 출력 데이터가 동일하도록 학습하는 과정을 갖는다.
2번 - 강화 학습의 한 종류로 환경에서 상태의 전이와 보상값의 생성 메커니즘을 설명하는 일종의 함수이다.
3번 - 서열(sequence) 데이터에서 이전 값들을 고려하기 위해 은닉층 또는 출력층의 값을 활용한다.
4번 - 어떤 한 분야에서 특정 과업을 수행하도록 학습한 후 유사한 분야 또는 다른 분야의 과업을 수행할 때 이전 학습 경험을 적용한다.","답: 어떤 한 분야에서 특정 과업을 수행하도록 학습한 후 유사한 분야 또는 다른 분야의 과업을 수행할 때 이전 학습 경험을 적용한다.

전이 학습은 한 도메인이나 태스크에서 학습한 지식을 다른 유사한 도메인이나 태스크에 적용하는 것을 말합니다. 이를 통해 적은 데이터로도 효과적인 학습이 가능하며, 학습 시간을 단축시킬 수 있습니다. 다른 선택지들은 전이 학습의 개념과는 거리가 멉니다.",4,4
claude-3-opus-20240229,./data/data_exq.json,". 영상의 특성을 효과적으로 추출하거나 영상 분석 및 인식에 활용 가능한 딥러닝 모델만을 모두 고르면? ㄱ.ResNet , ㄴ.Inception, ㄷ.VGG","선택지:
1번 - ㄱ
2번 - ㄱ, ㄷ
3번 - ㄴ, ㄷ
4번 - ㄱ, ㄴ, ㄷ","답: ㄱ, ㄴ, ㄷ

설명: ResNet, Inception, VGG 모두 컴퓨터 비전 분야에서 영상의 특성을 효과적으로 추출하고 영상 분석 및 인식에 널리 활용되는 대표적인 딥러닝 모델입니다. 

ㄱ. ResNet(Residual Network)은 레이어를 깊게 쌓으면서도 Residual Learning을 통해 성능 저하 문제를 해결한 모델입니다.  
ㄴ. Inception은 다양한 크기의 Convolution을 병렬로 적용하여 추출된 특징을 결합하는 구조로 설계된 모델입니다.
ㄷ. VGG(Visual Geometry Group)는 작은 크기의 Convolution 필터를 여러 개 쌓아 깊은 네트워크를 구성한 모델입니다.

따라서 영상 분석에 효과적인 딥러닝 모델로 ㄱ, ㄴ, ㄷ을 모두 선택하는 것이 적절합니다.",4,5
claude-3-opus-20240229,./data/data_exq.json,결정 트리(decision tree)에 대한 설명으로 옳지 않은 것은?,"선택지:
1번 - 엔트로피(entropy) 값이 작은 집단일수록 동질적이다.
2번 - 일반적으로 정보 이득(information gain)이 큰 분할 속성일수록 우수하다.
3번 - 정보 이득비(information gain ratio)는 속성의 엔트로피를 정보 이득으로 나눈 값이다. 
4번 - 데이터를 가능한 한 동질적 집단이 되도록 분류하는 분할 속성(splitting attribute)을 선택하는 것이 효율적이다.","답: 정보 이득비(information gain ratio)는 속성의 엔트로피를 정보 이득으로 나눈 값이다.

정보 이득비는 정보 이득을 속성의 엔트로피로 나눈 값입니다. 즉, 정보 이득을 정규화(normalize)한 값으로 볼 수 있습니다. 이는 속성의 가지 수가 많아질수록 정보 이득이 높아지는 문제를 보완하기 위해 사용됩니다. 따라서 주어진 선택지 중에서 정보 이득비에 대한 설명이 잘못되었습니다.",3,3
claude-3-opus-20240229,./data/data_exq.json,퍼지 이론(fuzzy theory)에 대한 설명으로 옳지 않은 것은?,"선택지:
1번 - 소속 정도(degree of membership(u))는 0 < u <= 1로 정의된다.
2번 - 퍼지 규칙은 IF-THEN 형태의 문장으로 표현된다.
3번 - 소속 함수를 통해 정성적인 대상을 표현할 수 있다.
4번 - 비퍼지화(defuzzification)를 통해 퍼지 추론 결과를 하나의 실수 값으로 변환할 수 있다.","답: 소속 정도(degree of membership(u))는 0 < u <= 1로 정의된다.

설명: 퍼지 이론에서 소속 정도(degree of membership)는 0 이상 1 이하의 실수 값으로 정의되며, 0 값도 포함됩니다. 따라서 0 < u <= 1로 표현한 것은 잘못된 설명입니다. 정확히는 0 <= u <= 1로 표현해야 합니다.",1,1
claude-3-opus-20240229,./data/data_exq.json,"합성곱 신경망과 순환 신경망(RNN, Recurrent Neural Network)에 대한 설명으로 옳지 않은 것은?","선택지:
1번 - 순환 신경망은 기울기 소멸(vanishing gradient) 문제가 심각하게 발생하지 않는 장점이 있다.
2번 - 순환 신경망에서는 일반적으로 하이퍼볼릭 탄젠트(hyperbolic tangent) 함수(tanh())를 활성화 함수로 사용한다.
3번 - 합성곱 신경망은 특징 추출을 담당하는 합성곱층과 분류를 담당하는 전결합층을 포함하는 다층 퍼셉트론 모델의 한 종류이다.
4번 - 합성곱 신경망은 필터로 특징을 추출하고 풀링을 이용하여 입력의 변화에 강건한(robust) 방식으로 사물을 분류한다.","답: 순환 신경망은 기울기 소멸(vanishing gradient) 문제가 심각하게 발생하지 않는 장점이 있다.

설명: 순환 신경망(RNN)은 오히려 기울기 소멸 문제가 심각하게 발생하는 단점이 있습니다. 이는 RNN의 장기 의존성(long-term dependency) 문제로, 시퀀스가 길어질수록 이전 시점의 정보가 현재 시점에 전달되기 어려워지는 현상입니다. 이를 해결하기 위해 LSTM이나 GRU 등의 개선된 RNN 구조가 제안되었습니다. 나머지 선택지들은 합성곱 신경망과 순환 신경망에 대해 올바르게 설명하고 있습니다.",1,0
claude-3-opus-20240229,./data/data_exq.json,다음 중 컴퓨터 시각 시스템의 처리 단계를 올바르게 정의한 것은?,"선택지:
1번 - 전처리: 영상 내의 처리 대상을 적절한 데이터로 표현한다.
2번 - 특징화: 취득한 영상을 처리하기 좋은 형태로 가공한다.
3번 - 영상분할: 영상을 몇 개의 의미 있는 영역으로 나눈다.
4번 - 영상 포획: 잡음을 제거하여 깨끗한 영상을 얻는다.","답: 영상분할: 영상을 몇 개의 의미 있는 영역으로 나눈다.

설명: 컴퓨터 시각 시스템의 처리 단계에서 영상분할은 입력된 영상을 의미 있는 여러 영역으로 구분하는 과정을 말합니다. 전처리는 영상을 처리하기 좋은 형태로 가공하는 단계이고, 특징화는 분할된 영역에서 특징을 추출하는 단계입니다. 영상 포획은 잡음 제거보다는 카메라 등을 통해 영상을 취득하는 단계에 가깝습니다.",3,3
claude-3-opus-20240229,./data/data_exq.json,다음 중 군집을 구성하는 표본들의 통계적 분포를 고려한 거리 측정자는?,"선택지:
1번 - 유클리드 거리
2번 - 해밍 거리
3번 - 도시블록 거리
4번 - 마할라노비스 거리","답: 마할라노비스 거리

설명: 마할라노비스 거리는 데이터의 분산-공분산 행렬을 고려하여 거리를 측정하는 방법입니다. 이는 데이터의 통계적 분포를 반영하여 거리를 계산하므로, 변수 간의 상관관계와 분산의 차이를 고려할 수 있습니다. 반면, 유클리드 거리, 해밍 거리, 도시블록 거리는 데이터의 통계적 분포를 고려하지 않고 단순히 좌표 간의 거리를 측정하는 방법입니다.",4,4
claude-3-opus-20240229,./data/data_exq.json,다음 중 자율학습에 대한 설명으로 올바른 것은?,"선택지:
1번 - 입력 값만 학습 데이터로 제공되며, 입력에 대한 출력 값은 제공되지 않는다.
2번 - 입력에 대한 시스템의 출력을 기대하는 출력과 같아지도록 시스템을 변화시킨다.
3번 - 입력의 행동에 따른 보상이 최대화되도록 학습을 진행한다.
4번 - 학습 데이터는 (입력, 출력) 쌍의 형태이다.","답: 입력 값만 학습 데이터로 제공되며, 입력에 대한 출력 값은 제공되지 않는다.

자율학습(Unsupervised Learning)은 입력 데이터만 주어지고 그에 대응하는 정답 레이블(출력 값)은 주어지지 않는 학습 방법입니다. 시스템은 입력 데이터의 패턴이나 구조를 스스로 찾아내야 합니다. 반면 지도학습(Supervised Learning)은 (입력, 출력) 쌍으로 이루어진 학습 데이터를 사용하며, 강화학습(Reinforcement Learning)은 에이전트가 행동을 취하고 그에 따른 보상을 최대화하는 방향으로 학습이 이루어집니다.",1,1
claude-3-opus-20240229,./data/data_exq.json,다음 중 독립변수와 종속변수 사이의 상관관계를 선형함수로 모델링하는 것을 일컫는 것은?,"선택지:
1번 - 선형회귀
2번 - 군집화
3번 - 결정트리 학습
4번 - 주성분 분석","답: 선형회귀

설명: 선형회귀(Linear Regression)는 독립변수와 종속변수 사이의 선형적인 관계를 모델링하는 대표적인 방법입니다. 독립변수의 값이 변할 때 종속변수가 어떻게 변하는지를 직선 방정식으로 나타내어 두 변수 간의 상관관계를 파악하고 예측하는 데 사용됩니다.

나머지 선택지에 대한 설명:
- 군집화(Clustering): 비슷한 특성을 가진 데이터들을 그룹화하는 비지도학습 방법
- 결정트리 학습(Decision Tree Learning): 데이터의 특성에 따라 분류 또는 예측을 수행하는 트리 구조 기반 모델
- 주성분 분석(Principal Component Analysis): 고차원 데이터의 차원을 축소하여 주요 특징을 추출하는 차원 축소 기법",1,1
claude-3-opus-20240229,./data/data_exq.json,다음 중 로지스틱 회귀를 이용하여 학습할 수 있는 것은?,"선택지:
1번 - 독립변수와 종속변수 사이의 관계를 2차 함수로 나타낸다.
2번 - 독립변수에 따라 군집화를 한다.
3번 - 일련의 행동에 따른 보상이 최대로 되도록 학습을 한다.
4번 - 독립변수의 값에 따라 종속변수가 0 또는 1이라는 값을 낼 수 있는 가설을 학습한다.","답: 독립변수의 값에 따라 종속변수가 0 또는 1이라는 값을 낼 수 있는 가설을 학습한다.

로지스틱 회귀는 독립변수의 선형 결합을 이용하여 종속변수가 특정 범주에 속할 확률을 0과 1 사이의 값으로 예측하는 지도 학습 방법입니다. 주로 이진 분류 문제를 해결하는데 사용되며, 시그모이드 함수를 통해 확률을 계산합니다.",4,4
claude-3-opus-20240229,./data/data_exq.json,다음 중 k-평균 군집화에 대한 설명으로 올바른 것은?,"선택지:
1번 - 자율학습 방식으로 학습한다.
2번 - 강화학습 방식으로 학습한다.
3번 - 하나의 학습 표본은 k개의 데이터로 구성된다.
4번 - 각각의 학습 표본은 (입력 벡터, 출력)의 쌍으로 구성된다.","답: 자율학습 방식으로 학습한다.

설명: k-평균 군집화는 비지도학습(unsupervised learning) 방식 중 하나로, 레이블이 없는 데이터를 k개의 군집으로 나누는 알고리즘입니다. 따라서 자율학습(self-learning) 방식으로 학습하며, 강화학습이나 (입력 벡터, 출력) 쌍으로 구성되는 지도학습(supervised learning)과는 다릅니다. 또한 하나의 학습 표본이 k개의 데이터로 구성되는 것도 아닙니다.",1,1
claude-3-opus-20240229,./data/data_exq.json,다음 중 단층 퍼셉트론에 대한 설명으로 올바른 것은?,"선택지:
1번 - 강화학습 방식으로 학습한다.
2번 - XOR 문제를 풀기할 수 있도록 학습할 수 있다.
3번 - 선형 결정경계를 형성할 수 있도록 학습할 수 있다.
4번 - 군집화에 사용되는 신경회로망 모델이다.","답: 선형 결정경계를 형성할 수 있도록 학습할 수 있다.

설명: 단층 퍼셉트론(Single-layer Perceptron)은 입력층과 출력층으로 구성된 가장 단순한 형태의 인공신경망입니다. 단층 퍼셉트론은 선형 분리 가능한 문제에 대해 학습할 수 있으며, 선형 결정경계(Linear Decision Boundary)를 형성합니다. 하지만 XOR 문제와 같이 선형적으로 분리할 수 없는 문제는 해결하지 못하는 한계가 있습니다. 또한, 단층 퍼셉트론은 지도학습 방식으로 학습하며, 강화학습이나 군집화와는 관련이 없습니다.",3,3
claude-3-opus-20240229,./data/data_exq.json,트리 탐색의 결과로 전역 최적값이 보장되는 기법은?,"선택지:
1번 - 너비 우선 탐색(breadth-first search)
2번 - 허용성(admissibility)을 갖지 않는 A* 알고리즘
3번 - 언덕 오르기 방법(hill climbing method)
4번 - 탐색 깊이 제한이 있는 깊이 우선 탐색(depth-first search)","답: 너비 우선 탐색(breadth-first search)

설명: 너비 우선 탐색은 트리의 모든 노드를 탐색하므로 전역 최적값을 보장합니다. 반면에 A* 알고리즘은 허용성이 없으면 최적해를 보장하지 않고, 언덕 오르기 방법은 지역 최적값에 빠질 수 있으며, 깊이 제한이 있는 깊이 우선 탐색도 탐색 깊이 이상의 해를 찾지 못합니다. 따라서 주어진 선택지 중에서는 너비 우선 탐색만이 전역 최적값을 보장하는 탐색 기법입니다.",1,1
claude-3-opus-20240229,./data/data_exq.json,오차 역전파 모델에서 경사하강법에 따라 연결 가중치 W를 학습할 때 사용할 수 있는 관성항의 용도는 무엇인가?,"선택지:
1번 - 단층 퍼셉트론으로 비선형 경계를 학습할 수 있게 한다
2번 - 자율학습 방식으로 학습하기 위해 사용한다.
3번 - 활성함수를 제거할 수 있게 한다.
4번 - 지역최소치 문제나 고원 문제를 개선한다.","답: 지역최소치 문제나 고원 문제를 개선한다.

설명: 관성항(momentum)은 이전 가중치 업데이트 방향을 일정 비율로 반영하여 현재의 가중치 업데이트에 추가하는 방식입니다. 이를 통해 좁은 골짜기나 평평한 고원 지역에서 경사하강법이 멈추거나 진동하는 문제를 완화할 수 있습니다. 관성항은 알고리즘이 지역 최소치에 빠지는 것을 방지하고 더 넓은 범위에서 최적해를 찾을 수 있도록 돕는 역할을 합니다.",4,4
claude-3-opus-20240229,./data/data_exq.json,다음 중 심층 신경망에서 출력층의 오차에 따른 연결가중치의 변화량이 입력층 방향으로 내려갈수록 크게 감소하여 학습이 진행되지 않는 문제를 일컫는 것은?,"선택지:
1번 - 지역 최소치 문제
2번 - 경사 소멸 문제
3번 - 과적합 문제
4번 - 능선 문제","답: 경사 소멸 문제

심층 신경망에서 역전파 알고리즘을 사용하여 학습할 때, 출력층에서 발생한 오차에 의한 연결 가중치의 변화량이 입력층으로 전파되면서 점점 작아지는 현상을 경사 소멸(Vanishing Gradient) 문제라고 합니다. 이로 인해 입력층에 가까운 층의 가중치 학습이 매우 더디게 진행되거나 거의 이루어지지 않게 되어 심층 신경망의 학습 성능이 저하됩니다.",2,2
claude-3-opus-20240229,./data/data_exq.json,CNN 모델에서 필터를 적용함으로써 특징을 검출하는 역할을 하는 층은?,"선택지:
1번 - ReLU 층
2번 - 통합(pooling)층
3번 - 완전연결층
4번 - 합성곱(convolution)층","답: 합성곱(convolution)층

설명: 합성곱층에서는 입력 이미지에 다양한 필터(커널)를 적용하여 이미지의 특징을 추출합니다. 필터는 이미지의 특정 패턴(예: 가장자리, 모양 등)에 반응하도록 학습됩니다. 필터를 이미지 전체에 걸쳐 슬라이딩하면서 합성곱 연산을 수행하여 특징 맵(feature map)을 생성합니다. 이렇게 추출된 특징들은 이후 층에서 더 고차원적인 특징을 학습하는 데 사용됩니다.",4,4
claude-3-opus-20240229,./data/data_exq.json,"제한 볼츠만 머신과 같은 자율학습 신경망을 여러 층 쌓은 모델로, 학습표본 집합의 확률 분포를 학습할 수 있는 확률적 심층 신경망 모델에 해당되는 것은?","선택지:
1번 - 심층 신뢰망(deep belief nets)
2번 - LVQ(Learning Vector Quantization)
3번 - ReLU(Rectified Linear Unit)
4번 - 볼츠만 머신(Boltzmann machine)","답: 심층 신뢰망(deep belief nets)

설명: 심층 신뢰망(deep belief nets)은 제한 볼츠만 머신(Restricted Boltzmann Machine, RBM)을 여러 층 쌓은 심층 신경망 모델입니다. RBM은 확률적 그래프 모델의 일종으로, 입력 데이터의 확률 분포를 학습할 수 있습니다. 심층 신뢰망은 이러한 RBM을 여러 층 쌓아 올려 심층 구조를 형성하므로, 주어진 선택지 중에서는 심층 신뢰망이 문제에서 설명하는 모델에 가장 적합합니다.",1,1
claude-3-opus-20240229,./data/data_hf.json,우리가 비용 함수의 기울기를 계산하고 그 결과를 벡터 g에 저장했다고 가정합시다. 기울기를 주어진 상태에서 하나의 경사 하강법 업데이트에 드는 비용은 무엇인가요?,"선택지:
1번 - O(4)
2번 - O(N)
3번 - O(N4)
4번 - O(N4^2)","답: O(N)

설명: 경사 하강법에서 하나의 업데이트 비용은 주로 파라미터 벡터의 차원(N)에 비례합니다. 기울기 벡터 g를 이미 계산했다고 가정하면, 업데이트는 간단히 파라미터 벡터의 각 요소에 학습률과 해당 기울기를 곱한 값을 빼주는 것이므로 O(N)의 시간 복잡도를 가집니다. 다른 선택지들은 파라미터 수에 대해 지나치게 높은 차수를 가지므로 적절하지 않습니다.",1,2
claude-3-opus-20240229,./data/data_hf.json,"문장 1| 연속 확률 변수 x와 그 확률 분포 함수 p(x)에 대해, 모든 x에 대해 0≤p(x)≤1 이 성립한다. 문장 2| 결정 트리는 정보 이득을 최소화하여 학습된다.","선택지:
1번 - 참, 참
2번 - 거짓, 거짓
3번 - 참, 거짓
4번 - 거짓, 참","답: 참, 거짓

설명:
문장 1은 참입니다. 확률 분포 함수 p(x)는 모든 x에 대해 0과 1 사이의 값을 가집니다. 이는 확률의 기본 성질 중 하나입니다.

문장 2는 거짓입니다. 결정 트리는 정보 이득을 최대화하는 방향으로 학습됩니다. 정보 이득이 높을수록 데이터를 잘 분류할 수 있는 속성을 선택하게 되므로, 결정 트리 학습에서는 정보 이득을 최대화하는 것이 목표입니다.",2,1
claude-3-opus-20240229,./data/data_hf.json,"문장 1| 연속 확률 변수 x와 그 확률 분포 함수 p(x)에 대해, 모든 x에 대해 0≤p(x)≤1 이 성립한다. 문장 2| 결정 트리는 정보 이득을 최소화하여 학습된다.","선택지:
1번 - 참, 참
2번 - 거짓, 거짓
3번 - 참, 거짓
4번 - 거짓, 참","답: 참, 거짓

설명:
문장 1은 참입니다. 확률 분포 함수 p(x)는 확률의 정의에 따라 모든 x에 대해 0과 1 사이의 값을 가집니다. 

문장 2는 거짓입니다. 결정 트리는 정보 이득을 최대화하는 방향으로 학습됩니다. 정보 이득이 높을수록 해당 속성으로 데이터를 분할했을 때 엔트로피가 낮아지므로, 정보 이득을 최대화하는 것이 결정 트리 학습의 목표입니다.",2,0
claude-3-opus-20240229,./data/data_hf.json,아래 주어진 베이지안 네트워크를 고려하십시오. 이 베이지안 네트워크에 필요한 독립적인 파라미터의 수는 얼마인가요? H -> U <- P <- W,"선택지:
1번 - 2
2번 - 4
3번 - 8
4번 - 16","답: 8

설명:
베이지안 네트워크에서 필요한 독립적인 파라미터의 수는 각 노드의 조건부 확률 테이블(CPT)에 있는 파라미터 수의 합과 같습니다. 

노드 H와 W는 부모 노드가 없으므로, 각각 1개의 파라미터가 필요합니다. (P(H), P(W))

노드 P는 부모 노드 W가 있으므로, W의 가능한 상태 수만큼의 파라미터가 필요합니다. 이진 변수라고 가정하면 2개의 파라미터가 필요합니다. (P(P|W=0), P(P|W=1))

노드 U는 부모 노드 H와 P가 있으므로, H와 P의 가능한 상태 조합 수만큼의 파라미터가 필요합니다. 이진 변수라고 가정하면 2*2=4개의 파라미터가 필요합니다. (P(U|H=0,P=0), P(U|H=0,P=1), P(U|H=1,P=0), P(U|H=1,P=1))

따라서 총 필요한 독립적인 파라미터 수는 1 + 1 + 2 + 4 = 8개입니다.",3,3
claude-3-opus-20240229,./data/data_hf.json,"훈련 예제의 수가 무한대로 증가하면, 해당 데이터로 훈련된 모델은 다음과 같을 것입니다:","선택지:
1번 - 더 낮은 분산
2번 - 더 높은 분산
3번 - 같은 분산
4번 - 위의 어느 것도 아님","답: 더 낮은 분산

설명: 훈련 예제의 수가 무한대로 증가하면 모델은 훈련 데이터에 과적합(overfitting)되는 경향이 줄어들게 됩니다. 즉, 모델이 훈련 데이터의 노이즈나 변동성에 덜 민감해지면서 일반화 성능이 향상됩니다. 이는 분산(variance)이 감소하는 것을 의미합니다. 따라서 훈련 예제의 수가 무한대로 증가하면 해당 데이터로 훈련된 모델은 더 낮은 분산을 갖게 될 것입니다.",1,1
claude-3-opus-20240229,./data/data_hf.json,문장 1| 2D 평면에서 모든 직사각형 집합(축에 정렬되지 않은 직사각형도 포함)은 5개의 점 집합을 깨뜨릴 수 있다. 문장 2| k = 1일 때 k-최근접 이웃 분류기의 VC 차원은 무한하다.,"선택지:
1번 - 참, 참
2번 - 거짓, 거짓
3번 - 참, 거짓
4번 - 거짓, 참","답: 거짓, 참

설명:
- 문장 1은 거짓입니다. 2D 평면에서는 4개의 점으로 이루어진 어떤 집합도 직사각형으로 분리할 수 있습니다. 하지만 5개의 점으로 이루어진 집합 중에는 직사각형으로 분리할 수 없는 경우가 있습니다. 예를 들어, 5개의 점이 십자가 모양으로 배치되어 있다면 이를 하나의 직사각형으로 분리할 수 없습니다.

- 문장 2는 참입니다. k-최근접 이웃 분류기에서 k=1인 경우, 모든 훈련 데이터 점이 경계선이 될 수 있습니다. 따라서 훈련 데이터의 크기에 상관없이 임의의 라벨링을 학습할 수 있으므로 VC 차원이 무한대가 됩니다.",1,2
claude-3-opus-20240229,./data/data_hf.json,_는 훈련 데이터를 모델링할 수도 없고 새로운 데이터로 일반화할 수도 없는 모델을 나타낸다.,"선택지:
1번 - 잘 맞는 모델
2번 - 과적합
3번 - 과소적합
4번 - 위의 모든 항목","답: 과소적합

설명: 과소적합(Underfitting)은 모델이 훈련 데이터의 패턴을 잘 학습하지 못하고, 새로운 데이터에 대해서도 좋은 성능을 내지 못하는 상황을 말합니다. 과소적합 모델은 훈련 데이터에 대해서도 모델링이 잘 되지 않고, 새로운 데이터에 대한 일반화 능력도 부족합니다. 반면, 과적합(Overfitting)은 모델이 훈련 데이터에 지나치게 맞춰져서 새로운 데이터에 대한 일반화 능력이 떨어지는 상황을 나타냅니다. 잘 맞는 모델은 훈련 데이터와 새로운 데이터 모두에 대해 좋은 성능을 보입니다.",3,3
claude-3-opus-20240229,./data/data_hf.json,문장 1| F1 점수는 클래스 불균형이 큰 데이터셋에서 특히 유용할 수 있다. 문장 2| ROC 곡선 아래 면적은 이상 탐지기를 평가하는 데 사용되는 주요 지표 중 하나이다.,"선택지:
1번 - 참, 참
2번 - 거짓, 거짓
3번 - 참, 거짓
4번 - 거짓, 참","답: 참, 참

설명:
문장 1은 참입니다. F1 점수는 정밀도와 재현율의 조화 평균으로, 클래스 불균형이 심한 데이터셋에서 정확도보다 더 유용한 평가 지표가 될 수 있습니다.

문장 2도 참입니다. ROC(Receiver Operating Characteristic) 곡선 아래 면적(AUC, Area Under the Curve)은 이상 탐지기의 성능을 평가하는 데 널리 사용되는 지표 중 하나입니다. AUC가 클수록 이상 탐지기의 성능이 우수하다고 판단할 수 있습니다.",1,1
claude-3-opus-20240229,./data/data_hf.json,문장 1| 역전파 알고리즘은 숨겨진 층을 가진 전역 최적 신경망을 학습한다. 문장 2| 직선의 VC 차원은 최대 2여야 한다. 왜냐하면 3개의 점 중 어떤 직선으로도 분리할 수 없는 경우가 적어도 하나 존재하기 때문이다.,"선택지:
1번 - 참, 참
2번 - 거짓, 거짓
3번 - 참, 거짓
4번 - 거짓, 참","답: 거짓, 참

설명:
문장 1은 거짓입니다. 역전파 알고리즘은 숨겨진 층을 가진 신경망을 학습할 수 있지만, 반드시 전역 최적해를 찾는 것은 아닙니다. 역전파는 지역 최적해에 빠질 수 있습니다.

문장 2는 참입니다. 직선의 VC 차원은 최대 2입니다. 3개의 점을 어떤 직선으로도 완벽하게 분리할 수 없는 경우가 존재하기 때문입니다. 이는 VC 차원의 정의와 일치합니다.",2,2
claude-3-opus-20240229,./data/data_hf.json,높은 엔트로피는 분류에서 분할이,"선택지:
1번 - 순수하다
2번 - 순수하지 않다
3번 - 유용하다
4번 - 쓸모없다","답: 순수하지 않다

설명: 엔트로피는 불순도 또는 무질서도를 측정하는 척도입니다. 엔트로피가 높다는 것은 데이터가 여러 클래스에 걸쳐 고르게 분포되어 있다는 뜻이므로, 분류 문제에서 높은 엔트로피는 분할이 순수하지 않음을 의미합니다. 즉, 한 노드 내에 여러 클래스의 데이터가 섞여 있는 상태를 나타냅니다. 반면 엔트로피가 낮으면 대부분의 데이터가 한 클래스에 속해 있어 분할이 순수한 것으로 볼 수 있습니다.",2,2
claude-3-opus-20240229,./data/data_hf.json,"문장 1| 레이어 정규화는 원본 ResNet 논문에서 사용되었고, 배치 정규화는 사용되지 않았다. 문장 2| DCGAN은 훈련 안정화를 위해 자기 주의를 사용한다.","선택지:
1번 - 참, 참
2번 - 거짓, 거짓
3번 - 참, 거짓
4번 - 거짓, 참","답: 거짓, 거짓

설명:
문장 1은 거짓입니다. 원본 ResNet 논문에서는 배치 정규화(Batch Normalization)를 사용했고, 레이어 정규화(Layer Normalization)는 사용되지 않았습니다.

문장 2도 거짓입니다. DCGAN(Deep Convolutional Generative Adversarial Networks)은 훈련 안정화를 위해 배치 정규화(Batch Normalization)를 사용하며, 자기 주의(Self-Attention) 메커니즘은 사용하지 않습니다.",2,4
claude-3-opus-20240229,./data/data_hf.json,"특정 데이터셋에 대해 선형 회귀 모델을 구축할 때, 하나의 특성의 계수가 상대적으로 높은 음수 값을 가짐을 관찰한다. 이는 다음을 시사한다:","선택지:
1번 - 이 특성은 모델에 강한 영향을 미친다(유지해야 함)
2번 - 이 특성은 모델에 강한 영향을 미치지 않는다(무시해야 함)
3번 - 이 특성의 중요성에 대해 추가 정보 없이는 언급할 수 없다
4번 - 무엇도 결정할 수 없다","답: 이 특성은 모델에 강한 영향을 미친다(유지해야 함)

설명: 선형 회귀 모델에서 특정 특성의 계수 값이 크다는 것은 해당 특성이 목표 변수에 강한 영향을 미친다는 것을 의미합니다. 계수의 부호가 음수라는 것은 이 특성과 목표 변수 사이에 음의 상관관계가 있음을 나타냅니다. 즉, 이 특성의 값이 증가할 때 목표 변수의 값은 감소하는 경향이 있습니다. 따라서 이 특성은 모델에서 중요한 역할을 하며 제거하면 안 됩니다.",3,1
claude-3-opus-20240229,./data/data_hf.json,"신경망에서, 과소적합(즉, 높은 편향 모델)과 과적합(즉, 높은 분산 모델) 사이의 균형에 가장 큰 영향을 미치는 구조적 가정은 무엇인가?","선택지:
1번 - 숨겨진 노드의 수
2번 - 학습률
3번 - 초기 가중치 선택
4번 - 상수항 입력 유닛 사용","답: 숨겨진 노드의 수

설명: 신경망에서 숨겨진 노드(hidden node)의 수는 모델의 복잡도와 표현력을 결정하는 핵심 요소입니다. 숨겨진 노드가 적으면 모델의 복잡도가 낮아 과소적합(underfitting)이 발생할 수 있고, 숨겨진 노드가 너무 많으면 모델이 훈련 데이터에 과적합(overfitting)될 수 있습니다. 따라서 숨겨진 노드의 수를 적절히 조절하는 것이 편향-분산 트레이드오프(bias-variance tradeoff)를 조정하고 일반화 성능을 높이는 데 가장 중요합니다.",1,1
claude-3-opus-20240229,./data/data_hf.json,"다항 회귀에서, 과소적합과 과적합 사이의 균형에 가장 큰 영향을 미치는 구조적 가정은 무엇인가?","선택지:
1번 - 다항식의 차수
2번 - 가중치를 행렬 역산법 또는 경사 하강법으로 학습할지 여부
3번 - 가우시안 잡음의 가정된 분산
4번 - 상수항 입력 유닛 사용","답: 다항식의 차수

설명: 다항 회귀에서 다항식의 차수가 모델의 복잡도를 결정하는 핵심 요소입니다. 차수가 높을수록 모델이 더 유연해져서 훈련 데이터에 과적합될 가능성이 높아집니다. 반면 차수가 너무 낮으면 데이터의 경향성을 충분히 포착하지 못해 과소적합이 발생할 수 있습니다. 따라서 적절한 차수를 선택하는 것이 과소적합과 과적합 사이의 균형을 잡는데 가장 중요합니다.",1,1
claude-3-opus-20240229,./data/data_hf.json,"문장 1| 2020년 기준으로, 일부 모델은 CIFAR-10에서 98% 이상의 정확도를 달성한다. 문장 2| 원래 ResNet은 Adam 옵티마이저로 최적화되지 않았다.","선택지:
1번 - 참, 참
2번 - 거짓, 거짓
3번 - 참, 거짓
4번 - 거짓, 참","답: 참, 거짓

설명:
문장 1은 참입니다. 최신 CNN 모델들은 CIFAR-10 데이터셋에서 98% 이상의 정확도를 달성하고 있습니다.
문장 2는 거짓입니다. 원래 ResNet 논문에서는 SGD with Momentum 옵티마이저를 사용했으며 Adam은 사용되지 않았습니다.",1,0
claude-3-opus-20240229,./data/data_hf.json,K-평균 알고리즘은:,"선택지:
1번 - 특징 공간의 차원이 샘플 수보다 커서는 안 된다
2번 - K = 1일 때 목적 함수의 값이 가장 작다
3번 - 주어진 클러스터 수에 대해 클래스 내 분산을 최소화한다
4번 - 초기 중심이 샘플 중 일부로 선택된 경우에만 전역 최적점으로 수렴한다","답: 주어진 클러스터 수에 대해 클래스 내 분산을 최소화한다

설명: K-평균 알고리즘은 주어진 클러스터 수 K에 대해 각 클러스터 내 데이터 포인트들과 클러스터 중심 사이의 거리 제곱합, 즉 클래스 내 분산(intra-class variance)을 최소화하는 것을 목표로 합니다. 이를 통해 유사한 데이터들이 동일한 클러스터로 묶이게 됩니다.",3,3
claude-3-opus-20240229,./data/data_hf.json,문장 1| VGGNet은 AlexNet의 첫 번째 층 커널보다 더 작은 너비와 높이를 가진 합성곱 커널을 가지고 있다. 문장 2| 데이터 의존적인 가중치 초기화 절차는 배치 정규화 이전에 도입되었다.,"선택지:
1번 - 참, 참
2번 - 거짓, 거짓
3번 - 참, 거짓
4번 - 거짓, 참","답: 참, 거짓

설명:
문장 1은 참입니다. VGGNet은 AlexNet보다 더 작은 3x3 합성곱 커널을 사용하여 네트워크의 깊이를 늘렸습니다.

문장 2는 거짓입니다. 데이터 의존적인 가중치 초기화 방법(예: Xavier 초기화)은 배치 정규화 이후에 도입되었습니다. 배치 정규화는 2015년에 제안된 반면, Xavier 초기화는 2010년에 제안되었습니다.",1,0
claude-3-opus-20240229,./data/data_hf.json,"다음 행렬의 랭크는 얼마인가? A = [[1, 1, 1], [1, 1, 1], [1, 1, 1]]","선택지:
1번 - 0
2번 - 1
3번 - 2
4번 - 3","답: 1

행렬 A의 모든 행이 같기 때문에 선형 독립인 행은 하나뿐입니다. 따라서 행렬 A의 랭크는 1입니다.

행렬의 랭크는 선형 독립인 행 또는 열의 최대 개수로 정의됩니다. 이 행렬에서는 어떤 행이든 다른 행의 상수배로 표현될 수 있기에, 선형 독립인 행은 1개뿐입니다.",2,2
claude-3-opus-20240229,./data/data_hf.json,문장 1| 밀도 추정(예: 커널 밀도 추정기 사용)은 분류를 수행하는 데 사용할 수 있다. 문장 2| 로지스틱 회귀와 가우시안 나이브 베이즈(동일 클래스 공분산을 가진) 간의 대응 관계는 두 분류기의 매개변수 간에 일대일 대응이 있음을 의미한다.,"선택지:
1번 - 참, 참
2번 - 거짓, 거짓
3번 - 참, 거짓
4번 - 거짓, 참","답: 참, 참

설명:
- 문장 1은 참입니다. 밀도 추정 기법을 이용하여 각 클래스의 밀도를 추정하고, 이를 바탕으로 베이즈 정리를 적용하여 새로운 데이터 포인트의 클래스를 예측할 수 있습니다. 
- 문장 2도 참입니다. 로지스틱 회귀와 가우시안 나이브 베이즈(동일 클래스 공분산 가정)는 모수적으로 동등합니다. 로지스틱 회귀의 가중치와 편향은 가우시안 나이브 베이즈의 클래스별 평균과 공분산으로부터 유도될 수 있습니다.",3,1
claude-3-opus-20240229,./data/data_hf.json,우리가 집들의 기하학적 위치와 같은 공간 데이터를 클러스터링하려고 한다고 가정합시다. 우리는 크기와 형태가 다른 여러 클러스터를 만들고자 합니다. 다음 방법 중 가장 적합한 방법은 무엇인가요?,"선택지:
1번 - 결정 트리
2번 - 밀도 기반 클러스터링
3번 - 모델 기반 클러스터링
4번 - K-평균 클러스터링","답: 밀도 기반 클러스터링

설명: 밀도 기반 클러스터링(Density-based Clustering) 알고리즘은 데이터 포인트의 밀도를 기반으로 클러스터를 형성합니다. 이 방법은 크기와 형태가 다양한 클러스터를 찾는데 적합합니다. 

- 결정 트리는 지도학습의 분류 문제에 주로 사용되므로 적합하지 않습니다. 
- 모델 기반 클러스터링은 데이터가 특정 확률분포를 따른다고 가정하므로 크기와 형태가 다양한 클러스터에는 부적합할 수 있습니다.
- K-평균 클러스터링은 클러스터의 개수를 미리 지정해야 하고, 구형의 클러스터를 가정하므로 이 문제에는 적합하지 않습니다.

따라서 크기와 형태가 다양한 클러스터를 찾는 이 문제에는 밀도 기반 클러스터링이 가장 적합한 방법입니다.",2,2
claude-3-opus-20240229,./data/data_hf.json,문장 1| AdaBoost에서 잘못 분류된 예제들의 가중치는 동일한 곱셈 인자만큼 증가한다. 문장 2| AdaBoost에서 t번째 약한 분류기의 훈련 데이터에 대한 가중 훈련 오류 e_t는 t에 따라 증가하는 경향이 있다.,"선택지:
1번 - 참, 참
2번 - 거짓, 거짓
3번 - 참, 거짓
4번 - 거짓, 참","답: 거짓, 참

설명:
문장 1은 거짓입니다. AdaBoost에서 잘못 분류된 예제들의 가중치는 오류율에 따라 다른 곱셈 인자만큼 증가합니다. 오류율이 높을수록 가중치 증가폭이 큽니다.

문장 2는 참입니다. AdaBoost에서 약한 분류기는 이전 약한 분류기에서 잘못 분류한 예제들에 더 높은 가중치를 부여하여 훈련됩니다. 따라서 훈련이 진행될수록 점점 더 어려운 예제들에 집중하게 되므로, 훈련 오류 e_t는 t에 따라 증가하는 경향을 보입니다.",1,2
claude-3-opus-20240229,./data/data_hf.json,MLE 추정치는 종종 바람직하지 않은데 그 이유는 무엇인가요?,"선택지:
1번 - 편향이 있다
2번 - 분산이 크다
3번 - 일관된 추정자가 아니다
4번 - 위의 어느 것도 아님","답: 분산이 크다

설명: MLE(최대우도추정) 추정치는 일반적으로 불편추정량(unbiased estimator)이며 표본 크기가 증가함에 따라 참값에 수렴하는 일관된 추정량(consistent estimator)입니다. 하지만 MLE는 종종 분산이 크다는 단점이 있습니다. 특히 표본 크기가 작을 때 MLE 추정치의 분산이 크게 나타나는 경향이 있어, 추정의 안정성 측면에서 바람직하지 않을 수 있습니다. 이를 보완하기 위해 릿지 회귀, LASSO 등의 정규화 기법을 사용하여 분산을 줄이는 방법들이 활용됩니다.",2,2
claude-3-opus-20240229,./data/data_hf.json,경사 하강법의 계산 복잡도는 무엇인가요?,"선택지:
1번 - 4에 대해 선형
2번 - N에 대해 선형
3번 - 4에 대해 다항식
4번 - 반복 횟수에 의존","답: N에 대해 선형

설명: 경사 하강법의 계산 복잡도는 훈련 데이터의 개수 N에 대해 선형적입니다. 각 반복 회차마다 모든 훈련 데이터에 대해 예측값과 손실을 계산하고 그에 따라 파라미터를 업데이트하기 때문입니다. 반복 횟수를 미리 정하거나 조기 종료 조건을 사용하면 전체 계산량을 조절할 수 있지만, 기본적으로 훈련 데이터 개수에 비례해서 계산량이 늘어납니다.",3,2
claude-3-opus-20240229,./data/data_hf.json,여러 결정 트리의 출력을 평균내는 것은 _에 도움이 된다.,"선택지:
1번 - 편향 증가
2번 - 편향 감소
3번 - 분산 증가
4번 - 분산 감소","답: 분산 감소

설명: 여러 결정 트리의 출력을 평균내는 것은 앙상블 기법 중 배깅(Bagging)에 해당합니다. 배깅은 여러 개의 약한 학습기(weak learner)를 결합하여 보다 강력한 학습기를 만드는 방법입니다. 

개별 결정 트리는 학습 데이터에 민감하게 반응하여 높은 분산을 가질 수 있습니다. 하지만 서로 다른 데이터셋으로 학습된 여러 트리의 출력을 평균내면, 개별 트리의 분산이 감소하여 전체 모델의 일반화 성능이 향상됩니다. 

따라서 결정 트리의 앙상블은 개별 트리의 분산을 감소시키는 효과가 있습니다.",4,4
claude-3-opus-20240229,./data/data_hf.json,"질병 D의 발생률이 100명 중 5명(즉, P(D) = 0.05)이라고 하자. 부울 랜덤 변수 D는 환자가 '질병 D를 가지고 있다'를 의미하고, 부울 랜덤 변수 TP는 '양성 반응을 나타낸다'를 의미한다. 질병 D에 대한 검사는 매우 정확한 것으로 알려져 있으며, 질병이 있을 때 양성 반응을 보일 확률은 0.99이고, 질병이 없을 때 음성 반응을 보일 확률은 0.97이다. P(TP), 즉 양성 반응을 나타낼 확률은 얼마인가?","선택지:
1번 - 0.0368
2번 - 0.473
3번 - 0.078
4번 - 위의 어느 것도 아님","문제를 풀기 위해 전체 확률의 법칙(Law of Total Probability)을 사용합니다.

P(TP) = P(TP|D)P(D) + P(TP|~D)P(~D)

여기서,
- P(TP|D) = 0.99 (질병이 있을 때 양성 반응을 보일 확률)
- P(D) = 0.05 (질병 D의 발생률)
- P(TP|~D) = 1 - P(~TP|~D) = 1 - 0.97 = 0.03 (질병이 없을 때 양성 반응을 보일 확률)
- P(~D) = 1 - P(D) = 1 - 0.05 = 0.95 (질병이 없을 확률)

따라서,
P(TP) = 0.99 * 0.05 + 0.03 * 0.95
      = 0.0495 + 0.0285
      = 0.078

답: 0.078",3,3
claude-3-opus-20240229,./data/data_hf.json,다음 중 결정 트리를 가지치기 하는 주요 이유는 무엇인가요?,"선택지:
1번 - 테스트 중 계산 시간을 절약하기 위해
2번 - 결정 트리를 저장하기 위한 공간을 절약하기 위해
3번 - 훈련 세트 오류를 더 작게 만들기 위해
4번 - 훈련 세트의 과적합을 피하기 위해","답: 훈련 세트의 과적합을 피하기 위해

설명: 결정 트리를 가지치기 하는 주요 목적은 모델의 복잡도를 줄여 훈련 데이터에 과적합되는 것을 방지하기 위함입니다. 트리의 깊이가 너무 깊어지면 훈련 데이터의 노이즈까지 학습하게 되어 일반화 성능이 떨어지게 됩니다. 따라서 적절한 깊이에서 가지치기를 통해 과적합을 피하고 모델의 일반화 능력을 높일 수 있습니다.",4,4
claude-3-opus-20240229,./data/data_hf.json,"모델이 과적합되고 있다고 가정했을 때, 과적합을 줄이기 위한 유효한 방법이 아닌 것은 무엇인가요?","선택지:
1번 - 훈련 데이터의 양을 증가시킨다.
2번 - 오류 최소화를 위한 최적화 알고리즘을 개선한다.
3번 - 모델의 복잡도를 줄인다.
4번 - 훈련 데이터의 노이즈를 줄인다.","과적합을 줄이기 위한 방법 중 유효하지 않은 것은 다음과 같습니다.

답: 오류 최소화를 위한 최적화 알고리즘을 개선한다.

설명: 오류 최소화를 위한 최적화 알고리즘을 개선하는 것은 모델의 성능을 향상시킬 수는 있지만, 과적합을 직접적으로 줄이는 방법은 아닙니다. 오히려 더 복잡한 모델을 만들어 과적합을 악화시킬 수 있습니다. 

과적합을 줄이기 위한 유효한 방법은 다음과 같습니다:
- 훈련 데이터의 양을 증가시키면 모델이 일반화된 패턴을 더 잘 학습할 수 있습니다.
- 모델의 복잡도를 줄이면 (예: 신경망의 층 수나 노드 수 감소) 모델이 훈련 데이터에 과도하게 맞추는 것을 방지할 수 있습니다. 
- 훈련 데이터의 노이즈를 줄이면 모델이 노이즈까지 학습하는 것을 막아 과적합을 감소시킬 수 있습니다.",2,2
claude-3-opus-20240229,./data/data_hf.json,문장 1| 소프트맥스 함수는 다중 클래스 로지스틱 회귀에서 일반적으로 사용된다. 문장 2| 비균등 소프트맥스 분포의 온도는 엔트로피에 영향을 미친다.,"선택지:
1번 - 참, 참
2번 - 거짓, 거짓
3번 - 참, 거짓
4번 - 거짓, 참","답: 참, 참

설명:
문장 1은 참입니다. 소프트맥스 함수는 다중 클래스 분류 문제에서 출력층의 활성화 함수로 자주 사용되며, 출력값을 확률 분포로 변환합니다. 이는 다중 클래스 로지스틱 회귀에서 일반적으로 사용되는 방법입니다.

문장 2도 참입니다. 소프트맥스 함수의 온도(temperature) 파라미터는 분포의 엔트로피에 영향을 미칩니다. 온도가 높으면 분포가 더 균등해지고 엔트로피가 증가하며, 온도가 낮으면 분포가 더 뾰족해지고 엔트로피가 감소합니다.",1,1
claude-3-opus-20240229,./data/data_hf.json,다음 중 SVM에 대해 참인 것은 무엇인가요?,"선택지:
1번 - 2차원 데이터 포인트에 대해, 선형 SVM이 학습한 분리 초평면은 직선이 된다.
2번 - 이론적으로, 가우시안 커널 SVM은 복잡한 분리 초평면을 모델링할 수 없다.
3번 - SVM에서 사용되는 모든 커널 함수에 대해, 등가의 폐쇄형 기저 확장을 얻을 수 있다.
4번 - SVM에서 과적합은 지원 벡터의 수와는 관련이 없다.","답: 2차원 데이터 포인트에 대해, 선형 SVM이 학습한 분리 초평면은 직선이 된다.

설명: 
- 2차원 공간에서 선형 SVM은 직선으로 두 클래스를 분리합니다. 고차원에서는 초평면이 됩니다.
- 가우시안 커널 SVM은 복잡한 비선형 분리 초평면을 모델링할 수 있습니다. 
- 모든 커널 함수에 대해 폐쇄형 기저 확장을 얻을 수 있는 것은 아닙니다. (예: 가우시안 커널)
- SVM에서 과적합은 지원 벡터의 수와 관련이 있습니다. 지원 벡터가 많을수록 모델의 복잡도가 높아집니다.",1,1
claude-3-opus-20240229,./data/data_hf.json,"주어진 베이지안 네트워크 H -> U <- P <- W에 의해 설명되는 H, U, P, W의 결합 확률은 무엇인가요? [조건부 확률의 곱으로서]","선택지:
1번 - P(H, U, P, W) = P(H) * P(W) * P(P) * P(U)
2번 - P(H, U, P, W) = P(H) * P(W) * P(P | W) * P(W | H, P)
3번 - P(H, U, P, W) = P(H) * P(W) * P(P | W) * P(U | H, P)
4번 - 위의 어느 것도 아님","답: P(H, U, P, W) = P(H) * P(W) * P(P | W) * P(U | H, P)

설명: 주어진 베이지안 네트워크에서 H와 W는 부모 노드이고, U는 H와 P의 자식 노드, P는 W의 자식 노드입니다. 따라서 결합 확률은 부모 노드의 주변 확률과 자식 노드의 조건부 확률의 곱으로 표현됩니다. 

P(H, U, P, W) = P(H) * P(W) * P(P | W) * P(U | H, P) 
여기서 P(H)와 P(W)는 주변 확률, P(P | W)는 W가 주어졌을 때 P의 조건부 확률, P(U | H, P)는 H와 P가 주어졌을 때 U의 조건부 확률입니다.",3,3
claude-3-opus-20240229,./data/data_hf.json,문장 1| ID3 알고리즘은 최적의 결정 트리를 찾을 수 있도록 보장된다. 문장 2| 밀도 함수 f()가 모든 곳에서 0이 아닌 연속 확률 분포를 고려하자. 값 x의 확률은 f(x)와 같다.,"선택지:
1번 - 참, 참
2번 - 거짓, 거짓
3번 - 참, 거짓
4번 - 거짓, 참","답: 거짓, 거짓

설명:
문장 1에 대해서, ID3 알고리즘은 탐욕적(greedy) 접근 방식을 사용하여 각 단계에서 최선의 속성을 선택하지만, 이것이 반드시 전역적으로 최적의 결정 트리를 보장하지는 않습니다. 따라서 문장 1은 거짓입니다.

문장 2에 대해서, 연속 확률 분포에서 특정 값 x가 나타날 확률은 0입니다. 확률 밀도 함수 f(x)는 x 주변의 작은 구간에서 x가 나타날 상대적인 가능성을 나타내는 것이지, 특정 값 x의 확률 자체를 의미하는 것이 아닙니다. 따라서 문장 2도 거짓입니다.",2,4
claude-3-opus-20240229,./data/data_hf.json,"N개의 입력 노드와 은닉층이 없고, 하나의 출력 노드가 있는 신경망이 주어졌을 때, 엔트로피 손실 함수와 시그모이드 활성화 함수가 주어졌을 때, 다음 중 적절한 하이퍼파라미터와 초기화로 전역 최적값을 찾을 수 있는 알고리즘은 무엇인가요?","선택지:
1번 - 확률적 경사 하강법
2번 - 미니배치 경사 하강법
3번 - 배치 경사 하강법
4번 - 위의 모든 것","답: 위의 모든 것

설명: 주어진 신경망은 단층 퍼셉트론(Single Layer Perceptron)으로, 은닉층이 없고 입력층과 출력층만 존재합니다. 엔트로피 손실 함수와 시그모이드 활성화 함수가 사용되었으므로, 이는 로지스틱 회귀(Logistic Regression)와 동일한 구조입니다.

로지스틱 회귀는 볼록 함수(Convex Function)이므로, 적절한 하이퍼파라미터와 초기화를 사용한다면 어떤 경사 하강법을 사용하더라도 전역 최적값을 찾을 수 있습니다. 따라서 확률적 경사 하강법(Stochastic Gradient Descent), 미니배치 경사 하강법(Mini-batch Gradient Descent), 배치 경사 하강법(Batch Gradient Descent) 모두 전역 최적값을 찾을 수 있습니다.",4,4
claude-3-opus-20240229,./data/data_hf.json,Out-of-distribution 탐지를 위한 또 다른 용어는 무엇인가요?,"선택지:
1번 - 이상 탐지
2번 - 일 클래스 탐지
3번 - 훈련-테스트 불일치 강건성
4번 - 배경 탐지","답: 훈련-테스트 불일치 강건성 

Out-of-distribution (OOD) 탐지는 훈련 데이터 분포와 다른 테스트 데이터를 탐지하는 것을 목표로 합니다. 즉, 훈련 데이터와 테스트 데이터 간의 불일치(mismatch)를 견딜 수 있는 강건한(robust) 모델을 만드는 것이 목적입니다. 따라서 OOD 탐지의 또 다른 용어로 '훈련-테스트 불일치 강건성'이 가장 적절합니다.

이상 탐지와 일 클래스 탐지는 정상 데이터와 다른 이상치를 찾는 것에 초점을 맞추고, 배경 탐지는 전경 객체와 구분되는 배경을 탐지하는 것이 목적이므로 OOD 탐지와는 다소 차이가 있습니다.",1,3
claude-3-opus-20240229,./data/data_hf.json,문장 1| 우리는 약한 학습기 h를 부스팅하여 분류기 f를 학습한다. f의 결정 경계의 함수형은 h와 동일하지만 매개변수가 다르다. (예: h가 선형 분류기라면 f도 선형 분류기이다). 문장 2| 교차 검증을 사용하여 부스팅에서 반복 횟수를 선택할 수 있다. 이 절차는 과적합을 줄이는 데 도움이 될 수 있다.,"선택지:
1번 - 참, 참
2번 - 거짓, 거짓
3번 - 참, 거짓
4번 - 거짓, 참","답: 참, 참

설명:
문장 1은 참입니다. 부스팅은 약한 학습기를 결합하여 강한 분류기를 만드는 앙상블 기법입니다. 부스팅된 분류기 f의 결정 경계 함수형은 약한 학습기 h와 동일하지만, 부스팅 과정에서 학습된 매개변수는 다릅니다.

문장 2도 참입니다. 교차 검증을 사용하여 부스팅의 반복 횟수를 선택함으로써 과적합을 줄일 수 있습니다. 교차 검증은 데이터를 여러 부분으로 나누어 학습과 검증을 반복하는 방법으로, 모델의 일반화 성능을 평가하고 과적합을 방지하는 데 도움이 됩니다.",4,1
claude-3-opus-20240229,./data/data_hf.json,"훈련 데이터셋에서 N이 인스턴스의 수일 때, 최근접 이웃 분류기의 실행 시간은","선택지:
1번 - O(1)
2번 - O( N )
3번 - O(log N )
4번 - O( N^2 )","답: O( N )

최근접 이웃 분류기(Nearest Neighbor Classifier)는 새로운 데이터 포인트를 분류할 때, 훈련 데이터셋의 모든 데이터 포인트와의 거리를 계산하여 가장 가까운 데이터 포인트의 레이블을 할당합니다. 

따라서 새로운 데이터 포인트를 분류하기 위해서는 훈련 데이터셋의 모든 인스턴스와의 거리를 계산해야 하므로, 훈련 데이터셋의 크기에 비례하여 실행 시간이 증가합니다. 

훈련 데이터셋의 크기가 N일 때, 거리 계산은 N번 수행되어야 하므로 시간 복잡도는 O(N)이 됩니다.",2,2
claude-3-opus-20240229,./data/data_hf.json,"문장 1| 원래 ResNet과 Transformer는 모두 피드포워드 신경망이다. 문장 2| 원래 Transformer는 자기 주의를 사용하지만, 원래 ResNet은 사용하지 않는다.","선택지:
1번 - 참, 참
2번 - 거짓, 거짓
3번 - 참, 거짓
4번 - 거짓, 참","답: 거짓, 참

설명:
문장 1은 거짓입니다. ResNet은 합성곱 신경망(CNN)의 일종이고, Transformer는 어텐션 메커니즘을 사용한 신경망입니다. 둘 다 피드포워드 신경망의 요소를 포함하고 있지만, 그 자체로 피드포워드 신경망이라고 볼 수는 없습니다.

문장 2는 참입니다. Transformer는 셀프 어텐션(자기 주의)을 핵심 구성요소로 사용하는 반면, ResNet은 셀프 어텐션을 사용하지 않고 합성곱 연산과 스킵 커넥션(residual connection)을 주로 사용합니다.",1,2
claude-3-opus-20240229,./data/data_hf.json,다음 중 공간 클러스터링 알고리즘은 무엇인가요?,"선택지:
1번 - 분할 기반 클러스터링
2번 - K-평균 클러스터링
3번 - 격자 기반 클러스터링
4번 - 위의 모든 것","답: 격자 기반 클러스터링

설명: 격자 기반 클러스터링은 데이터 공간을 격자 구조로 분할하고 각 셀의 밀도를 기반으로 클러스터를 형성하는 공간 클러스터링 기법입니다. 분할 기반 클러스터링과 K-평균 클러스터링은 각각 계층적, 파티셔닝 방식의 클러스터링 알고리즘으로 격자 기반과는 다른 접근 방식을 취합니다.",4,3
claude-3-opus-20240229,./data/data_hf.json,문장 1| 서포트 벡터 머신이 구성하는 최대 여유 결정 경계는 모든 선형 분류기 중에서 가장 낮은 일반화 오류를 가진다. 문장 2| 클래스 조건부 가우시안 분포를 가진 생성 모델에서 얻은 어떤 결정 경계도 원칙적으로 SVM과 다항 커널 차수 3 이하로 재현될 수 있다.,"선택지:
1번 - 참, 참
2번 - 거짓, 거짓
3번 - 참, 거짓
4번 - 거짓, 참","답: 참, 참

설명:
문장 1은 참입니다. SVM의 최대 마진 결정 경계는 선형 분류기 중에서 가장 좋은 일반화 성능을 보장합니다. 이는 SVM의 기하학적 마진을 최대화하는 원리에 기반합니다.

문장 2도 참입니다. 클래스 조건부 가우시안 분포를 가정하는 생성 모델의 결정 경계는 이차 곡면(quadratic surface) 형태를 띕니다. 이는 다항식 커널을 사용하는 SVM으로 차수 2 이하까지 표현 가능합니다. 따라서 차수 3 이하의 다항 커널 SVM으로 가우시안 생성 모델의 결정 경계를 원칙적으로 표현할 수 있습니다.",4,1
claude-3-opus-20240229,./data/data_hf.json,문장 1| 선형 모델의 L2 정규화는 L1 정규화보다 모델을 더 희소하게 만든다. 문장 2| 잔차 연결은 ResNet과 Transformer에서 찾을 수 있다.,"선택지:
1번 - 참, 참
2번 - 거짓, 거짓
3번 - 참, 거짓
4번 - 거짓, 참","답: 거짓, 참

설명:
문장 1은 거짓입니다. L1 정규화가 L2 정규화보다 모델을 더 희소(sparse)하게 만듭니다. L1 정규화는 가중치를 0으로 만드는 경향이 있어 특징 선택(feature selection) 효과가 있습니다.

문장 2는 참입니다. 잔차 연결(Residual Connection)은 ResNet과 Transformer 아키텍처에서 핵심적인 구성 요소로 사용됩니다. 이는 깊은 신경망의 학습을 용이하게 하고 기울기 소실(Vanishing Gradient) 문제를 완화시켜 줍니다.",4,2
claude-3-opus-20240229,./data/data_hf.json,배깅을 수행할 때 과적합을 방지하는 것은 무엇인가요?,"선택지:
1번 - 샘플링 기법으로 교체를 사용하는 것
2번 - 약한 분류기를 사용하는 것
3번 - 과적합에 취약하지 않은 분류 알고리즘을 사용하는 것
4번 - 훈련된 모든 분류기에 대해 수행되는 검증 절차","답: 약한 분류기를 사용하는 것

설명: 배깅(Bagging)은 bootstrap aggregating의 줄임말로, 훈련 데이터에서 중복을 허용한 샘플링(bootstrapping)을 통해 여러 개의 약한 분류기를 생성하고 이들의 예측을 결합(aggregating)하는 앙상블 기법입니다. 이때 개별 분류기로 과적합에 취약하지 않은 약한 분류기(weak learner)를 사용함으로써 과적합을 방지할 수 있습니다. 약한 분류기는 단순하고 표현력이 제한적이기 때문에 과적합 위험이 적고, 이들을 결합하면 강한 분류기의 성능을 얻을 수 있습니다.",2,2
claude-3-opus-20240229,./data/data_hf.json,"다음 행렬의 영공간의 차원은 얼마인가요? A = [[3, 2, −9], [−6, −4, 18], [12, 8, −36]]","선택지:
1번 - 0
2번 - 1
3번 - 2
4번 - 3","행렬 A의 랭크를 구하면 영공간의 차원을 알 수 있습니다. 

행렬 A의 두 번째 행은 첫 번째 행의 -2배이고, 세 번째 행은 첫 번째 행의 4배입니다. 즉, 행렬 A의 모든 행은 첫 번째 행의 스칼라배이므로 랭크는 1입니다.

n차원 행렬에서 영공간의 차원은 n에서 랭크를 뺀 값과 같습니다. 여기서 A는 3x3 행렬이고 랭크가 1이므로 영공간의 차원은 3-1=2입니다.

답: 2",3,3
claude-3-opus-20240229,./data/data_hf.json,서포트 벡터란 무엇인가요?,"선택지:
1번 - 결정 경계에서 가장 먼 예제들
2번 - SVM에서 f(x)를 계산하는 데 필요한 유일한 예제들
3번 - 데이터 중심
4번 - SVM에서 비제로 가중치 αk를 가진 모든 예제들","답: SVM에서 비제로 가중치 αk를 가진 모든 예제들

설명: 서포트 벡터(support vector)는 SVM에서 결정 경계를 결정하는 데 사용되는 데이터 포인트입니다. 이들은 결정 경계에 가장 가까이 위치하며, 비제로 라그랑주 승수(Lagrange multiplier) αk를 가집니다. 서포트 벡터만으로도 SVM 모델을 완전히 정의할 수 있습니다. 즉, 새로운 데이터 포인트에 대한 예측을 위해 서포트 벡터만 사용하면 됩니다.",2,4
claude-3-opus-20240229,./data/data_hf.json,"훈련 손실이 에폭 수에 따라 증가한다면, 학습 과정에서 발생할 수 있는 문제는 무엇인가요?","선택지:
1번 - 정규화가 너무 낮고 모델이 과적합되고 있다
2번 - 정규화가 너무 높고 모델이 과소적합되고 있다
3번 - 단계 크기가 너무 크다
4번 - 단계 크기가 너무 작다","답: 단계 크기가 너무 크다

설명: 훈련 손실이 에폭이 진행됨에 따라 증가한다는 것은 모델이 훈련 데이터에 제대로 수렴하지 못하고 있다는 것을 의미합니다. 이는 주로 학습률(learning rate) 또는 단계 크기(step size)가 너무 클 때 발생합니다. 단계 크기가 너무 크면 최적점을 지나쳐 버리게 되어 손실 함수가 발산하게 됩니다. 따라서 단계 크기를 줄여서 모델이 최적점에 수렴할 수 있도록 조정해야 합니다.",3,3
claude-3-opus-20240229,./data/data_hf.json,"질병 D의 발생률이 100명 중 5명(즉, P(D) = 0.05)이라고 하자. 부울 랜덤 변수 D는 환자가 '질병 D를 가지고 있다'를 의미하고, 부울 랜덤 변수 TP는 '양성 반응을 나타낸다'를 의미한다. 질병 D에 대한 검사는 매우 정확한 것으로 알려져 있으며, 질병이 있을 때 양성 반응을 보일 확률은 0.99이고, 질병이 없을 때 음성 반응을 보일 확률은 0.97이다. P(D | TP), 즉 양성 반응을 나타낼 확률은 얼마인가?","선택지:
1번 - 0.0495
2번 - 0.078
3번 - 0.635
4번 - 0.97","답: 0.635

설명:
베이즈 정리를 사용하여 P(D | TP)를 계산할 수 있습니다.

P(D | TP) = P(TP | D) * P(D) / P(TP)

주어진 정보를 정리하면,
P(D) = 0.05
P(TP | D) = 0.99
P(TP | not D) = 0.03 (1 - 0.97)

전체 확률 법칙을 사용하여 P(TP)를 계산하면,
P(TP) = P(TP | D) * P(D) + P(TP | not D) * P(not D)
        = 0.99 * 0.05 + 0.03 * 0.95
        = 0.0495 + 0.0285
        = 0.078

따라서, P(D | TP) = 0.99 * 0.05 / 0.078 = 0.635

양성 반응을 나타낼 때 실제로 질병 D를 가지고 있을 확률은 약 63.5%입니다.",3,3
claude-3-opus-20240229,./data/data_hf.json,K-폴드 교차 검증은,"선택지:
1번 - K에 대해 선형
2번 - K에 대해 이차
3번 - K에 대해 삼차
4번 - K에 대해 지수","답: K에 대해 선형

K-폴드 교차 검증에서 계산 복잡도는 K에 대해 선형적으로 증가합니다. 
K-폴드 교차 검증은 데이터를 K개의 폴드로 나누고, K번의 훈련과 검증을 반복하게 됩니다. 
따라서 K의 값이 커질수록 계산량도 선형적으로 증가하게 됩니다.
K의 값이 너무 작으면 편향(bias)이 커지고, 너무 크면 분산(variance)이 커지는 trade-off 관계가 있습니다.",1,1
claude-3-opus-20240229,./data/data_hf.json,"두 개의 부울 랜덤 변수 A와 B가 주어졌을 때, P(A) = 1/2, P(B) = 1/3, 그리고 P(A | ¬B) = 1/4이면, P(A | B)는 얼마인가?","선택지:
1번 - 1/6
2번 - 1/4
3번 - 3/4
4번 - 1","베이즈 정리를 사용하여 P(A|B)를 구할 수 있습니다.

P(A|B) = P(B|A) * P(A) / P(B)

P(B|A)를 구하기 위해 전확률의 법칙을 사용합니다.

P(B) = P(B|A) * P(A) + P(B|¬A) * P(¬A)
1/3 = P(B|A) * 1/2 + P(B|¬A) * 1/2

P(A|¬B) = 1/4이므로, P(¬A|¬B) = 3/4입니다. 
P(B|¬A) = P(¬A|B) * P(B) / P(¬A) = 1/4 * 1/3 / 1/2 = 1/6

따라서, P(B|A) = 1/2

이제 P(A|B)를 계산할 수 있습니다.

P(A|B) = 1/2 * 1/2 / 1/3 = 3/4

답: 3/4",4,3
claude-3-opus-20240229,./data/data_hf.json,"문장 1| 로지스틱 회귀 모델의 가능도(maximum likelihood)를 최대화하면 여러 개의 국소 최적값이 발생한다. 문장 2| 데이터 분포가 알려져 있으면, 나이브 베이즈 분류기가 다른 분류기보다 더 잘할 수 없다.","선택지:
1번 - 참, 참
2번 - 거짓, 거짓
3번 - 참, 거짓
4번 - 거짓, 참","답: 거짓, 참

설명:
문장 1은 거짓입니다. 로지스틱 회귀는 볼록 함수(convex function)이기 때문에 가능도를 최대화하면 유일한 전역 최적값(global optimum)이 발생합니다. 여러 개의 국소 최적값이 발생하지 않습니다.

문장 2는 참입니다. 나이브 베이즈 분류기는 베이즈 정리를 사용하여 사후 확률을 계산하고 이를 기반으로 분류를 수행합니다. 데이터 분포가 알려져 있다면, 나이브 베이즈 분류기는 최적의 분류 성능을 보입니다. 다른 분류기가 나이브 베이즈 분류기보다 더 잘할 수 없습니다.",2,2
claude-3-opus-20240229,./data/data_hf.json,"문장 1| SVM 학습 알고리즘은 객체 함수에 대해 전역 최적 가설을 찾을 수 있도록 보장된다. 문장 2| 방사형 기저 함수 커널을 통해 특성 공간 Q로 매핑된 후, 퍼셉트론은 원래 공간보다 더 나은 분류 성능을 달성할 수 있다(하지만 이를 보장할 수는 없다).","선택지:
1번 - 참, 참
2번 - 거짓, 거짓
3번 - 참, 거짓
4번 - 거짓, 참","답: 거짓, 참

설명:
문장 1은 거짓입니다. SVM은 볼록 최적화 문제를 풀기 때문에 전역 최적해를 찾을 수 있지만, 이는 훈련 데이터에 대한 것이지 모든 데이터에 대해 최적의 가설을 보장하는 것은 아닙니다. 

문장 2는 참입니다. 커널 트릭을 사용하여 비선형 매핑을 통해 고차원 특성 공간으로 변환하면 선형 분리가 용이해져서 분류 성능이 향상될 수 있습니다. 하지만 항상 그렇다고 보장할 순 없습니다.",1,2
claude-3-opus-20240229,./data/data_hf.json,문장 1| 훈련 데이터 집합이 작을 때 과적합이 더 발생할 가능성이 높다. 문장 2| 가설 공간이 작을 때 과적합이 더 발생할 가능성이 높다.,"선택지:
1번 - 참, 참
2번 - 거짓, 거짓
3번 - 참, 거짓
4번 - 거짓, 참","답: 참, 거짓

설명:
- 문장 1은 참입니다. 훈련 데이터 집합이 작으면 모델이 훈련 데이터에 과도하게 맞춰지는 과적합(overfitting) 문제가 발생할 가능성이 높아집니다. 
- 문장 2는 거짓입니다. 가설 공간이 클수록 모델의 표현력이 높아지므로 훈련 데이터에 과도하게 맞춰질 가능성이 높습니다. 반대로 가설 공간이 작으면 모델의 표현력이 제한되어 과적합 가능성은 낮아집니다.",4,0
